CBU_Node,CBU_01,CBU_02,CBU_03,CBU_04,CBU_05,CBU_06,CBU_07,CBU_08,CBU_09,CBU_10,CBU_11,CBU_12,CBU_13,CBU_14,CBU_15,CBU_16,CBU_17,CBU_18,CBU_19,CBU_20,CBU_21,CBU_22,CBU_23,CBU_24,CBU_25,CBU_26,CBU_27,CBU_28,CBU_29,CBU_30,CBU_31,CBU_32,CBU_33,CBU_34,CBU_35,CBU_36,CBU_37,CBU_38,CBU_39,CBU_40,CBU_41,CBU_42,CBU_43,CBU_44,CBU_45,CBU_46,CBU_47,CBU_48,CBU_49,CBU_50,CBU_51,CBU_52,CBU_53,CBU_54,CBU_55,CBU_56,CBU_57,CBU_58,CBU_59,CBU_60,CBU_61,CBU_62,CBU_63,CBU_64,CBU_65
CBU_01,1.0,0.3749895540171465,0.5757129502404564,0.6621803064619822,0.5680058957545342,0.6998429478543536,0.6209181302008773,0.6013578226003303,0.3994495930184945,0.5404519257545833,0.6069970193057649,0.6059385342730828,0.49814286206825864,0.40022383399204786,0.5982796632497681,0.578669073641402,0.6914333629190157,0.5265050924030935,0.5217086914785648,0.7393657117629547,0.6071822254181285,0.44725053363302936,0.6631723971301065,0.4354956160629466,0.531060986779001,0.45063259787338106,0.6265263201096948,0.7612262267256931,0.5077126879880045,0.6249088300128023,0.6129591822650555,0.6450490094245852,0.7090878794258089,0.734561676328433,0.450386302931415,0.5359831421258534,0.6418648148973225,0.4933297225513731,0.6279432628713737,0.7707995183356243,0.6331263546851423,0.6289738437793131,0.6148107755414247,0.6886574309145942,0.4649322715705872,0.6436658865237743,0.5002873942025454,0.6594717577959893,0.5217630911907396,0.7696019310584288,0.5332096865627312,0.6452158422854772,0.5107491509373113,0.4506154808194528,0.5911827314383697,0.704547098928396,0.8394054111467564,0.7414802096535182,0.5993119860346986,0.7013011424278849,0.7242176391787474,0.48551412481440703,0.6724493883850944,0.6675845191763842,0.791498410230305
CBU_02,0.3749895540171465,1.0,0.577785607539286,0.7267668865776992,0.5346236926248076,0.7575974376299699,0.47920212283133246,0.6389016432286394,0.5181799416477361,0.5261336599394468,0.4780797070846238,0.6981923766300671,0.47432805609580003,0.5413711058860491,0.5963765033540749,0.6931341299660798,0.4654168759384405,0.8394353126976573,0.7830004217014306,0.4513450829417585,0.5575255538245178,0.7372890716060584,0.6011414521239868,0.5720803733936949,0.5796025268462195,0.8162260468939143,0.5142693475201032,0.745297474626126,0.6562024915770323,0.3357443973695462,0.3548001086332889,0.7528298022284847,0.6368682822172614,0.8622687280580634,0.744526396512745,0.4049548170179529,0.6491002241176015,0.6733832422149864,0.4341327623532619,0.3797209145731894,0.4832838450344325,0.6393269610282073,0.6556041848609814,0.4927691440753357,0.7945226148171134,0.43290287541510525,0.7318493691082163,0.6103803053516902,0.6099162392301383,0.4451509700941848,0.760106276879334,0.7940667666259955,0.4736678191078034,0.5771127428565268,0.5301011657592263,0.4742189613747613,0.7642374448929055,0.5472708927960631,0.4393712333498723,0.5602908909888862,0.7013624064424994,0.7234288277662267,0.6427864895734589,0.5996428646414889,0.5184930431031656
CBU_03,0.5757129502404564,0.577785607539286,1.0,0.5866821681373027,0.5275830140672605,0.761000674321793,0.48204629225116513,0.4245600645801575,0.5819440397452748,0.6041935514285323,0.6029655128946954,0.42400981909656876,0.48028797111771593,0.659782610983254,0.6856557280464977,0.4702478698481013,0.8533684356668392,0.4562490793918615,0.6104141692505552,0.7837727971344371,0.44609300198774704,0.8447133632652744,0.5096778535859109,0.7021995771923857,0.47553458618379096,0.4599416332620402,0.41723692744063795,0.7433092123234006,0.45368681374930997,0.6530291314994962,0.3403224884062048,0.4992489909958552,0.5760174786678105,0.6458488522600461,0.5026921684139234,0.7295567334282027,0.4911778136146685,0.6274409209910186,0.5958642628600921,0.4971938342898521,0.725599536867845,0.3582375753393024,0.738496525084676,0.5576347982240211,0.48284655110222285,0.5669346657121912,0.6701854465229018,0.5967911131044027,0.41248692888599403,0.5733671937923671,0.623774325735706,0.60638313899125,0.7242951110295178,0.7123073358489442,0.48720560040826294,0.6676922446525726,0.7954389268081627,0.4155998426571269,0.5721810024622372,0.8120047728067253,0.42254012503328703,0.6378195326386197,0.4255505225973394,0.4631224476604375,0.5678214992809724
CBU_04,0.6621803064619822,0.7267668865776992,0.5866821681373027,1.0,0.7443073975240052,0.8354085374230769,0.5666630375651951,0.5920688702873502,0.7107582748295711,0.6574235557633754,0.7851786103218732,0.39876549656237054,0.5531630398072778,0.44010220796473876,0.4742768279080586,0.6693569286267546,0.6522907359729928,0.7116931548972387,0.7384709490338552,0.6623954399447296,0.5987044238740552,0.7169461971788081,0.6181677581810914,0.6931102084082743,0.5009389460346665,0.4889848752362577,0.5556997701896769,0.580768255145455,0.5164143406707556,0.4334736102782383,0.7355161467994443,0.7118744843896823,0.4696702939489226,0.6462041084936232,0.6828025575927558,0.7528109309705269,0.4440694874964236,0.73109688932255,0.4218201685398067,0.4366885069074272,0.4988247622652519,0.4734638716014197,0.7318165049151275,0.5084754027562043,0.8294022843298221,0.6357241841849228,0.47775518521539573,0.7053604686043791,0.7185733084506797,0.7061333384541431,0.6132309981723846,0.4056137964535441,0.7273278898511446,0.6968837134917821,0.7404103423845197,0.5519634969269434,0.6425944385367784,0.6349884121088725,0.5175117515846919,0.49028202197299076,0.5627280619144966,0.7137953062455249,0.6176750994150649,0.5586963717246358,0.4722599473588197
CBU_05,0.5680058957545342,0.5346236926248076,0.5275830140672605,0.7443073975240052,1.0,0.7165844168456975,0.5850509362462661,0.5548490578873628,0.5748290313150933,0.6552896650408615,0.5613901453370088,0.5034955051904634,0.5142255547341956,0.6990877727223505,0.6321313390937454,0.514513888851714,0.5190281276907271,0.5061825482212523,0.6345994742587837,0.6696681893453342,0.6388163571714393,0.7474148859291093,0.5119169020198316,0.6531261418550218,0.5446114670533675,0.4137418532019368,0.3452588826729815,0.5610066127315299,0.6723162450895509,0.6130034808111119,0.7377564068688371,0.5832284990221106,0.6170865154390994,0.5343506079180103,0.5863024027807311,0.8121285583401823,0.761761722146829,0.608828628387192,0.6655896519420139,0.6828118654014368,0.8037009558700775,0.7610824915151018,0.5349774655078416,0.6003062405195141,0.4809360337121533,0.6979386718087419,0.5999154654308995,0.7138564821021219,0.6983311776986647,0.5458201080186629,0.7434097443586583,0.5163702171942525,0.41088431164258254,0.567282606683435,0.6274186801919486,0.6238297375718671,0.5066451461902424,0.6547495782568074,0.46244031885874326,0.551573757093578,0.5059318192178952,0.7252049576924716,0.8111086795066187,0.5797016772284442,0.6177983220279071
CBU_06,0.6998429478543536,0.7575974376299699,0.761000674321793,0.8354085374230769,0.7165844168456975,1.0,0.44723665403411844,0.5950340187614823,0.6085765225110393,0.6880398505077361,0.713073194107881,0.6122554554072599,0.8197186698101743,0.7932127377602651,0.6228478331560214,0.40861219992203635,0.5905159476224311,0.8373549824619342,0.592805815357396,0.5920698865346204,0.5384836585236011,0.8651609425115174,0.555029161016141,0.5791588418224732,0.42149508325049934,0.7624642058263624,0.5864424368433505,0.8873690385925245,0.7730509451172777,0.7022039160794717,0.38598567366791736,0.624469350112876,0.826289892582565,0.459983243824616,0.5638055147958471,0.7129064014413268,0.6382823532330163,0.5310555080254735,0.5597453969111266,0.5331504546932371,0.701519737404943,0.8008386069723525,0.7774605643581517,0.5330584355531376,0.3899871047868798,0.630633707757129,0.610357850205461,0.7549121753619681,0.6539720411349192,0.5061308391398645,0.4083762000742578,0.677263210006741,0.5753833676656435,0.6012099507000643,0.8282929792825503,0.4262247442132592,0.688022633811076,0.46024502079354346,0.5796704933371655,0.5508097669407868,0.46271529253764104,0.676278010340511,0.5314923510442336,0.5774215745274368,0.41622802102429046
CBU_07,0.6209181302008773,0.47920212283133246,0.48204629225116513,0.5666630375651951,0.5850509362462661,0.44723665403411844,1.0,0.5304804346585907,0.6822025359453172,0.4334170097271073,0.5661943156036437,0.5681910399839827,0.4551937211864134,0.8701935692592672,0.7469689981133631,0.593841844725046,0.5259683414978333,0.4745459497014042,0.696647228494237,0.4286911533581763,0.7918737536671753,0.7658728193007663,0.5925069077816152,0.738813993627059,0.554363499082522,0.43419401379031797,0.5384798391983445,0.8939317913888165,0.6729095039471626,0.5558545291619336,0.3731200095163899,0.5810998389784643,0.5737521493905952,0.47310354223753964,0.46908055436268337,0.703853012286881,0.5982343695913487,0.6886300336784554,0.5988449487491776,0.5288280887440584,0.7076485518017059,0.6522961274116792,0.4800584286425766,0.6012029538432334,0.7501479483821569,0.6773078152362833,0.45293694795203343,0.47901324249727667,0.8025887128006057,0.6980188953954203,0.6698184242775193,0.5594970113723777,0.6619072381660364,0.34438618886271755,0.660548858273391,0.5542264164247812,0.6831963208035993,0.38020867042788276,0.6404353639567434,0.5147044599914667,0.5197158326817064,0.7097369291761533,0.7105069164372537,0.7536277474870166,0.7004597459987967
CBU_08,0.6013578226003303,0.6389016432286394,0.4245600645801575,0.5920688702873502,0.5548490578873628,0.5950340187614823,0.5304804346585907,1.0,0.3192951051181975,0.6285534882995989,0.6974373655252325,0.7727736393318391,0.4451744149484107,0.41748183033338093,0.5835242614829201,0.5899295088650589,0.5880178645134132,0.44753754256619577,0.40578467181641087,0.6368797574269507,0.5491911189388681,0.7362490259195209,0.455987911220473,0.4703343237714692,0.5792715469781756,0.7254841366523367,0.662985669129519,0.7120791518642838,0.6606960734335019,0.6871832048567914,0.7570147341528713,0.6250438699327304,0.5780283423811929,0.3986019292272674,0.7622434127064694,0.41138231379400697,0.6267540719586613,0.4124968716480114,0.6600671727082316,0.6829595210071295,0.6277570693849106,0.5032913486398736,0.434856091706043,0.5419376765935056,0.44302382021449194,0.658496861693356,0.7632495728449392,0.7243437016781499,0.5129101867210523,0.4957887544550407,0.6291297190613423,0.3233911402689523,0.6848126690403789,0.5986565502585457,0.4974989027044732,0.5571762634362136,0.5647663893266589,0.4920670313585351,0.6514808506367873,0.5771422366238959,0.5807763125918625,0.3648572126413122,0.5142107712654882,0.5770442988299269,0.6141284149022392
CBU_09,0.3994495930184945,0.5181799416477361,0.5819440397452748,0.7107582748295711,0.5748290313150933,0.6085765225110393,0.6822025359453172,0.3192951051181975,1.0,0.5392219682473451,0.5636274222523536,0.8767300794526501,0.7109162918899077,0.7695428965891182,0.43705838725961876,0.4924327176373545,0.6467120155986157,0.7631225402308479,0.38549165925799966,0.4056841118103467,0.4744760025270983,0.6670709637989178,0.480992536684072,0.44509691959921865,0.6958708069293043,0.5796566764663711,0.5936964090938788,0.5213651640804926,0.6332057317017005,0.7926918327320112,0.4752395925870315,0.6616863418909944,0.7039457990006405,0.5696032801260383,0.7945007820455859,0.5767453556305409,0.601342878873491,0.42693738832992156,0.5248764863423991,0.8296412617142493,0.5586615397709226,0.7417497452763842,0.5486905103072379,0.8035954858300072,0.7799176547879692,0.460623490055285,0.802137342146234,0.6333958063882458,0.5028480131666678,0.5754932009885384,0.5192346016594371,0.6006391696399738,0.6254325814443881,0.5200143868454494,0.542894636995682,0.6269256724927592,0.7573963734464041,0.6558564152505086,0.6068289200301593,0.696601987244947,0.6639769735394232,0.6710617195560213,0.5401941687315166,0.5946441833996344,0.5254646758682506
CBU_10,0.5404519257545833,0.5261336599394468,0.6041935514285323,0.6574235557633754,0.6552896650408615,0.6880398505077361,0.4334170097271073,0.6285534882995989,0.5392219682473451,1.0,0.41840927501920566,0.8500767325489457,0.5948601332869721,0.4467361797790771,0.43048965849027915,0.5509199116383987,0.6436391386681795,0.49115028237263947,0.5085181967975279,0.6235303373031239,0.7093526033269988,0.48277743572652154,0.41031493853291606,0.5962219847005492,0.5819934323523777,0.8246709756830092,0.5662360390938157,0.6143651670881611,0.7293208284503183,0.7058284222617348,0.8096330967262904,0.7468565424705406,0.6609351182601704,0.5819856785923148,0.34755881010519507,0.4727070024749445,0.481797018195677,0.6096183299447306,0.6724227801935936,0.45003037811417224,0.6045312453817125,0.6646957330290875,0.6730979142211106,0.7015255148386333,0.41777905449319963,0.6558828876991536,0.5504357092991388,0.8232596333325559,0.43788869710794887,0.583124454616222,0.37337331955400743,0.34091533691159914,0.6639700026223875,0.6036895348191282,0.5015411992440212,0.5119358158573556,0.39424542202266366,0.7408196119952686,0.4440000933003779,0.45899800083351716,0.6780900339694802,0.6649024611528824,0.6140786265208003,0.6299601148279887,0.474121684025284
CBU_11,0.6069970193057649,0.4780797070846238,0.6029655128946954,0.7851786103218732,0.5613901453370088,0.713073194107881,0.5661943156036437,0.6974373655252325,0.5636274222523536,0.41840927501920566,1.0,0.6843993434560969,0.6999351126250072,0.42553340791498895,0.6201668584363262,0.6504572078557829,0.630795412970174,0.49893965806982665,0.5986301035294193,0.4313157987175781,0.698866615667884,0.5625735673964043,0.5903082413294592,0.7468608148655443,0.5516988530483307,0.8418809396810257,0.6203633756721355,0.8142386582728138,0.7037264973258395,0.5337500707831626,0.6962971225801324,0.5516798746439053,0.7803906257926476,0.5621365709980795,0.42439875454600395,0.6266488625399573,0.6104084394588045,0.8813038300385597,0.5694075944312128,0.7212302059504168,0.6674595200895863,0.6358905304315259,0.6253678465045232,0.6754325145907687,0.61049489868058,0.4796397762789368,0.583902994905938,0.7573702517572874,0.6551357272887268,0.8050858089990853,0.508755228239021,0.6095653497323548,0.5502906291073263,0.6522813783236409,0.7060690966053632,0.5851842531834569,0.6077840265308243,0.7059872928958774,0.6994529339162688,0.7362701420469543,0.6069908021301227,0.7869868637149887,0.6625709119893957,0.48037843756179055,0.4459625587912115
CBU_12,0.6059385342730828,0.6981923766300671,0.42400981909656876,0.39876549656237054,0.5034955051904634,0.6122554554072599,0.5681910399839827,0.7727736393318391,0.8767300794526501,0.8500767325489457,0.6843993434560969,1.0,0.6345006375969294,0.5031104806870341,0.6006274012557273,0.5957436024580105,0.7108078672923571,0.3419683947475421,0.7410117688368623,0.5998830949923077,0.5514654881554464,0.4661235257376217,0.5083528421245649,0.3697533501965922,0.7254642539451543,0.5089243203524957,0.6093882664882496,0.4536810492649995,0.4447482462957296,0.6683542460943797,0.5360387297714329,0.604601535295945,0.6001026796408734,0.5519887338144907,0.646922354850644,0.7155286733226335,0.5645318066756162,0.4304085763763601,0.7170041913407628,0.4842951523219255,0.6634829210830133,0.5625817642862956,0.5822226424404067,0.6965000436556869,0.47880781324234534,0.5198692264721511,0.6706699983311636,0.5836198386090728,0.6332134294793654,0.5365816231920619,0.5361905673892131,0.38337558688183193,0.6810315009899267,0.6238496520219432,0.6088250869303518,0.4555600524938437,0.5918116146743475,0.7711298604127196,0.6832668144243157,0.525012181671358,0.7864252883421898,0.7176520577337395,0.6405582881816392,0.6734409811371788,0.5980681266189166
CBU_13,0.49814286206825864,0.47432805609580003,0.48028797111771593,0.5531630398072778,0.5142255547341956,0.8197186698101743,0.4551937211864134,0.4451744149484107,0.7109162918899077,0.5948601332869721,0.6999351126250072,0.6345006375969294,1.0,0.7482503482916931,0.5734728318761715,0.5440063865000991,0.41269361193944515,0.5227766643352911,0.5941401938530102,0.6150751345995857,0.5640708077014253,0.39970376461893753,0.4011202320029532,0.6919528431720717,0.558574028358348,0.5982910357411216,0.3576641966228583,0.4765347717828613,0.6322799735273099,0.6355891237990047,0.7122023892492024,0.5583969630871644,0.6872215565272408,0.4222984563077396,0.6307035118438629,0.5753024213238499,0.43873020455716394,0.6696129654466858,0.687307140432776,0.48372193877573244,0.4814655494013089,0.6316067305449625,0.7026235177237158,0.5084182446497013,0.5550150638804496,0.3820264371959259,0.4798055188896466,0.44422037531559344,0.4052119487770375,0.7953205070191051,0.4878089943806544,0.6981180714047348,0.7700623986729422,0.6096929607564396,0.5747533534530649,0.44757551781487437,0.5755819953630996,0.5589811183434497,0.4896876328837239,0.6962999894991273,0.6048881356190952,0.8172512884525687,0.6236198965145556,0.4771239185291811,0.5137291478602535
CBU_14,0.40022383399204786,0.5413711058860491,0.659782610983254,0.44010220796473876,0.6990877727223505,0.7932127377602651,0.8701935692592672,0.41748183033338093,0.7695428965891182,0.4467361797790771,0.42553340791498895,0.5031104806870341,0.7482503482916931,1.0,0.5489628278708838,0.6298129806004227,0.6832959829590834,0.687936158536484,0.4819565729420793,0.7489357113195496,0.5973978980685222,0.6448491439645488,0.44427154555443465,0.7814663967556554,0.4522795334374884,0.6698553274131511,0.46263573891319976,0.6042442726228917,0.656412764677969,0.4246797157196426,0.5528201319046144,0.5619728300291853,0.6697964401804397,0.6297045809436311,0.7123844687234077,0.6473863903513295,0.6937722455267268,0.8021450806069954,0.3383033844873566,0.365490469471625,0.5608075876596387,0.7192917095004772,0.6113317802777547,0.7564254691225943,0.6185719099741093,0.7561723647507741,0.527000027820216,0.6136993764426115,0.6453539699282861,0.5861769613019623,0.5897004104831858,0.7754387126023806,0.7236062817559157,0.5020702672819111,0.3120495143064105,0.5907028569164455,0.4552007768874199,0.5932989535751545,0.6556609597569982,0.7192080370353443,0.5498527521682938,0.6094716058978035,0.5999108339151332,0.49253990831113825,0.5957703177614135
CBU_15,0.5982796632497681,0.5963765033540749,0.6856557280464977,0.4742768279080586,0.6321313390937454,0.6228478331560214,0.7469689981133631,0.5835242614829201,0.43705838725961876,0.43048965849027915,0.6201668584363262,0.6006274012557273,0.5734728318761715,0.5489628278708838,1.0,0.3392909948278272,0.6255670820951835,0.5443794410530214,0.4800339318876469,0.7500469041488897,0.5717438771887465,0.566707816571469,0.6176363879853385,0.5546847505720504,0.7195933285375854,0.7463713915756196,0.6992017368390655,0.7659399406666075,0.5386326187197595,0.5377652108100238,0.4453608191819177,0.6609154220163247,0.44308011395763314,0.4419221512516237,0.6571780435381362,0.7497477089149815,0.4838252675217613,0.6886501230427291,0.7892923857725557,0.7957652003862282,0.5623799717988436,0.6347009981162162,0.6032312990160527,0.70436969029689,0.6874811611534305,0.46664483204122964,0.6454145134498677,0.5117227393989405,0.6604202670328304,0.690515225435055,0.5411811619904687,0.747892449973275,0.7050425830853562,0.8027635171165988,0.6237585960012471,0.5522837564996258,0.5159391348501501,0.47683926038666136,0.7217928833067904,0.39694802815479413,0.6853787281660678,0.6422129401793228,0.44693061457843053,0.6289388083352045,0.661575163935263
CBU_16,0.578669073641402,0.6931341299660798,0.4702478698481013,0.6693569286267546,0.514513888851714,0.40861219992203635,0.593841844725046,0.5899295088650589,0.4924327176373545,0.5509199116383987,0.6504572078557829,0.5957436024580105,0.5440063865000991,0.6298129806004227,0.3392909948278272,1.0,0.644055644325644,0.6360871783689932,0.5087793215246725,0.7618212470124835,0.5876571438461534,0.6955714966007793,0.5265416928304307,0.5466072268052575,0.44382000111441955,0.6534759929326548,0.5885953599731599,0.6795516469931427,0.7407165863469651,0.5059068122787974,0.5669399682793312,0.48653190919447586,0.4015748085453877,0.5285996510256961,0.46750113098941276,0.5907221993591633,0.5916182113145314,0.44659786410994606,0.7378184210200296,0.7199835909065494,0.8323206183023131,0.7398892454452143,0.5637905577676796,0.7433522772050182,0.6261181371362778,0.4171102114664099,0.6521151302622405,0.778500275051568,0.8199436462662393,0.7254888110258313,0.5315370250917993,0.7161867915767559,0.8497807080789372,0.7726266913069753,0.4691473844924996,0.5573750116220508,0.5150507070929129,0.3978177433523967,0.5995224029260775,0.8100513315278044,0.39387297017872713,0.42395837744935017,0.4392803035921381,0.47822362070044033,0.6665327927079361
CBU_17,0.6914333629190157,0.4654168759384405,0.8533684356668392,0.6522907359729928,0.5190281276907271,0.5905159476224311,0.5259683414978333,0.5880178645134132,0.6467120155986157,0.6436391386681795,0.630795412970174,0.7108078672923571,0.41269361193944515,0.6832959829590834,0.6255670820951835,0.644055644325644,1.0,0.4806962933317904,0.5478955747129349,0.7131890835670032,0.44694596362585615,0.47645466088387833,0.814456340488006,0.8833659137213739,0.6541526283712342,0.5365147428739552,0.4614982808685436,0.5451022914161915,0.6518070197132396,0.7834430347729286,0.7737000577909477,0.579696922139476,0.5939588626601089,0.8810538929194759,0.6022345666524825,0.595383978098158,0.4190986445145749,0.7270932068227804,0.5303020566121757,0.3160238129085524,0.3754914678653157,0.4905968478591542,0.674051337723552,0.37143498767811045,0.5008184221428825,0.7425920814802506,0.6131195204707239,0.5801832215896597,0.5593041748233112,0.5689835920856217,0.5352277982763317,0.5678939862947019,0.38394181345003386,0.7605428943995716,0.7552477443753096,0.41321598382697317,0.5050423756773392,0.38747738732519543,0.7702726265924261,0.5940684644540903,0.5354231862506911,0.37348357610109556,0.638804530339941,0.5545820502393646,0.45038107277191547
CBU_18,0.5265050924030935,0.8394353126976573,0.4562490793918615,0.7116931548972387,0.5061825482212523,0.8373549824619342,0.4745459497014042,0.44753754256619577,0.7631225402308479,0.49115028237263947,0.49893965806982665,0.3419683947475421,0.5227766643352911,0.687936158536484,0.5443794410530214,0.6360871783689932,0.4806962933317904,1.0,0.6364591282722534,0.63711548497396,0.7110440740454265,0.7899821728776837,0.6793660855185384,0.7304960705950485,0.6268831190609314,0.5745718077522366,0.5191126808605534,0.7037060416315716,0.7913192704405729,0.5489351066870681,0.6981949540151519,0.6222919296016678,0.7317529567735317,0.512634231651282,0.7147591814263012,0.7938712772237368,0.43478665394659,0.5280473607074294,0.6425799049109728,0.6533322798604996,0.6061250633673916,0.7576128505547227,0.6897152216008575,0.7542574074203071,0.3146376663589975,0.770388923250256,0.39842264457740206,0.8180083926312489,0.6783307098647131,0.5133412170195986,0.4931768720110387,0.5953353774203639,0.4658266919969648,0.45127528742436673,0.7487505955141741,0.6506014881747813,0.5870685097042868,0.7199487901260966,0.5388478517885118,0.4518207888383042,0.5057493020328203,0.7705875938685834,0.4937778988124776,0.7490054316815133,0.78870531381451
CBU_19,0.5217086914785648,0.7830004217014306,0.6104141692505552,0.7384709490338552,0.6345994742587837,0.592805815357396,0.696647228494237,0.40578467181641087,0.38549165925799966,0.5085181967975279,0.5986301035294193,0.7410117688368623,0.5941401938530102,0.4819565729420793,0.4800339318876469,0.5087793215246725,0.5478955747129349,0.6364591282722534,1.0,0.6135130214716904,0.6676777498108168,0.8028924180608275,0.54860952713106,0.8101313999492199,0.5008696424588682,0.525195575642127,0.6416571316971059,0.3768829649681038,0.6841980355497217,0.7232817961579145,0.48690195549256715,0.7060109138628219,0.783849728940674,0.6503853339412942,0.6491096897321011,0.5826876824056193,0.5803807270840674,0.6778279883871255,0.6236855484606648,0.5903824861964615,0.6164675790215703,0.4498270222104058,0.5404504050931916,0.7182000741687511,0.6642141332834907,0.5768555134532543,0.8021701805744338,0.7750237274829728,0.5824674023816528,0.7732600894384377,0.5306614257683173,0.3567454292400495,0.6040204231836503,0.7659852478559447,0.5155470683236159,0.603518406280295,0.5479174067611353,0.5174589202909423,0.724409344927796,0.8461375760876512,0.7159583147032272,0.6560798425624168,0.6221892106160651,0.3917603255357086,0.7371669516251625
CBU_20,0.7393657117629547,0.4513450829417585,0.7837727971344371,0.6623954399447296,0.6696681893453342,0.5920698865346204,0.4286911533581763,0.6368797574269507,0.4056841118103467,0.6235303373031239,0.4313157987175781,0.5998830949923077,0.6150751345995857,0.7489357113195496,0.7500469041488897,0.7618212470124835,0.7131890835670032,0.63711548497396,0.6135130214716904,1.0,0.6625671782818792,0.5595366601496219,0.44242291866205696,0.8022602998627192,0.5210613871752773,0.7156794718371349,0.5813630908199866,0.4898706579274966,0.505435619356606,0.5897667843262444,0.6473335274828405,0.5757220292027647,0.36493904342296535,0.6496064729486393,0.5629932432259961,0.7071592006168839,0.3720293039293203,0.6186896491966831,0.6007078655589996,0.6449780152345098,0.7003112311935158,0.5528331230289127,0.6051229922720407,0.7462346351790172,0.6181909462933779,0.6867622996416971,0.6189669599468852,0.6423578690369797,0.5370080134132051,0.5530771767030976,0.527081371458531,0.6725457200219158,0.7586065497075046,0.4735379861497482,0.5620992917169944,0.6571459405565999,0.48778160963752093,0.6467145366910801,0.6580394134545828,0.7237890666708319,0.36130960452239924,0.5654947104197724,0.6979717268484362,0.7556163998057893,0.6061541626706193
CBU_21,0.6071822254181285,0.5575255538245178,0.44609300198774704,0.5987044238740552,0.6388163571714393,0.5384836585236011,0.7918737536671753,0.5491911189388681,0.4744760025270983,0.7093526033269988,0.698866615667884,0.5514654881554464,0.5640708077014253,0.5973978980685222,0.5717438771887465,0.5876571438461534,0.44694596362585615,0.7110440740454265,0.6676777498108168,0.6625671782818792,1.0,0.6469870787858755,0.7092434133999055,0.5773775380062237,0.5952037675887624,0.5696426647959822,0.6141840495211806,0.6688451907352158,0.4568606940212657,0.5001562419875694,0.676337793305276,0.6461654837738878,0.7415012015955813,0.7580114543475529,0.8051635892824932,0.7453678477327127,0.5721034252340839,0.47721608742817323,0.5771870106557124,0.7431209138186201,0.6057134197611914,0.5361178878467869,0.4431121109682538,0.33658986643023325,0.4659995312037797,0.6019996481019664,0.8544439128618949,0.70483798305844,0.5072133807378304,0.7291270021611667,0.715022615116394,0.6756498598715495,0.40272049668224896,0.49229939162447517,0.6725803228627703,0.4697166392235463,0.7226556079658035,0.4252482997776727,0.4983003195611426,0.5706359049741931,0.6627753644477608,0.4786612432570587,0.41650041578379793,0.6945577627996964,0.44203395882784074
CBU_22,0.44725053363302936,0.7372890716060584,0.8447133632652744,0.7169461971788081,0.7474148859291093,0.8651609425115174,0.7658728193007663,0.7362490259195209,0.6670709637989178,0.48277743572652154,0.5625735673964043,0.4661235257376217,0.39970376461893753,0.6448491439645488,0.566707816571469,0.6955714966007793,0.47645466088387833,0.7899821728776837,0.8028924180608275,0.5595366601496219,0.6469870787858755,1.0,0.6491760075801944,0.8290209635181502,0.4506355599654957,0.4993020711275029,0.8092282785257908,0.5498724326616597,0.6160459806446068,0.5195845838733232,0.7399271211567691,0.6915511814098638,0.7419661083968032,0.6400433908611746,0.5818739060575069,0.7121726373492472,0.5237991846448378,0.46042789524356365,0.5184500389628401,0.6913389454621744,0.6748437781491049,0.7987597010445918,0.6289024868451498,0.37472281124004697,0.6335567909250164,0.6098005873824058,0.8531374651489707,0.4232729361625181,0.6295685452388098,0.4258157150277342,0.6063278128675611,0.40621387973822026,0.5765703949801082,0.7013436725506257,0.6137275142246238,0.6435444248167654,0.6452789623973005,0.5416479551819439,0.6107078956740106,0.704965856582316,0.4727322513955537,0.45868294979862145,0.5833063755030182,0.5114126835788504,0.47094386820555567
CBU_23,0.6631723971301065,0.6011414521239868,0.5096778535859109,0.6181677581810914,0.5119169020198316,0.555029161016141,0.5925069077816152,0.455987911220473,0.480992536684072,0.41031493853291606,0.5903082413294592,0.5083528421245649,0.4011202320029532,0.44427154555443465,0.6176363879853385,0.5265416928304307,0.814456340488006,0.6793660855185384,0.54860952713106,0.44242291866205696,0.7092434133999055,0.6491760075801944,1.0,0.6875446761568411,0.7958524596220234,0.7216150764628511,0.6933648998545437,0.6338802770448563,0.3155171485950568,0.6461118752323427,0.5071316314020724,0.6468209781978134,0.6693545833296308,0.5960798370426144,0.3523414688700818,0.4704720317474639,0.7391512500752927,0.5731568113742962,0.5416371536753497,0.3751479392269625,0.7112814250091959,0.54307117551551,0.5923476555100697,0.7400641450001926,0.5252573032631458,0.611811591846252,0.618564068846907,0.8058854541785481,0.42489246628487787,0.6923937525646702,0.4941601464228683,0.6728806375584279,0.48548269024319557,0.5253024005179232,0.4254466085423994,0.5434832943515366,0.605699350095744,0.6829067645025173,0.600096259543163,0.61912184767145,0.6505402970179293,0.37902103506639867,0.5329885349704353,0.7044111031476978,0.6700651959402302
CBU_24,0.4354956160629466,0.5720803733936949,0.7021995771923857,0.6931102084082743,0.6531261418550218,0.5791588418224732,0.738813993627059,0.4703343237714692,0.44509691959921865,0.5962219847005492,0.7468608148655443,0.3697533501965922,0.6919528431720717,0.7814663967556554,0.5546847505720504,0.5466072268052575,0.8833659137213739,0.7304960705950485,0.8101313999492199,0.8022602998627192,0.5773775380062237,0.8290209635181502,0.6875446761568411,1.0,0.4310035797156344,0.788999535126689,0.4579048391277681,0.5544718361441319,0.8410451625139884,0.3862701356545434,0.554047462751863,0.6918940368122399,0.573660261740035,0.6090389703381464,0.6326499686280983,0.7022202209683484,0.4193232863970302,0.4019131279357313,0.7389023130209991,0.4372102051358105,0.6912035911161882,0.7241041707484265,0.6128069427476679,0.8330105253185596,0.47072369117049345,0.6929077396953152,0.5480128829852654,0.4928291640221295,0.7693408108763611,0.617014993649949,0.5493284502685754,0.45029517406201003,0.4915966697625268,0.5716014220832147,0.5073408575371766,0.8605700973358532,0.3832441831383231,0.5961992120775462,0.5050235405274077,0.5212334122764075,0.7376783246320854,0.5794424001745744,0.5713032480338767,0.48640134833705995,0.5885101976339466
CBU_25,0.531060986779001,0.5796025268462195,0.47553458618379096,0.5009389460346665,0.5446114670533675,0.42149508325049934,0.554363499082522,0.5792715469781756,0.6958708069293043,0.5819934323523777,0.5516988530483307,0.7254642539451543,0.558574028358348,0.4522795334374884,0.7195933285375854,0.44382000111441955,0.6541526283712342,0.6268831190609314,0.5008696424588682,0.5210613871752773,0.5952037675887624,0.4506355599654957,0.7958524596220234,0.4310035797156344,1.0,0.6704322348819529,0.6358682142645775,0.7024797500742069,0.5088668472491973,0.6079848998824712,0.7158386599440136,0.5591197968325865,0.6186958548440544,0.5339005617132804,0.7556802954167962,0.7960403756070387,0.8373790502790496,0.5412913302324647,0.5175937939569131,0.6522116251737913,0.6332623196488887,0.8004529053270768,0.8347919750011665,0.6239606060999603,0.5042025764826251,0.41649533694663543,0.662164673551492,0.6284683368148991,0.5446400059786094,0.6025081693681725,0.4307714457773788,0.39375894513184284,0.7805830673276695,0.7770926083805592,0.513517797347061,0.6809811653943323,0.8754002056153267,0.6625654890736141,0.689397488292901,0.5153069909526684,0.4441077859678577,0.7675132184790021,0.5053419910905221,0.7690879153956601,0.6072573421261043
CBU_26,0.45063259787338106,0.8162260468939143,0.4599416332620402,0.4889848752362577,0.4137418532019368,0.7624642058263624,0.43419401379031797,0.7254841366523367,0.5796566764663711,0.8246709756830092,0.8418809396810257,0.5089243203524957,0.5982910357411216,0.6698553274131511,0.7463713915756196,0.6534759929326548,0.5365147428739552,0.5745718077522366,0.525195575642127,0.7156794718371349,0.5696426647959822,0.4993020711275029,0.7216150764628511,0.788999535126689,0.6704322348819529,1.0,0.5397969067221395,0.4768538681881801,0.5599068677697703,0.5074407366208916,0.6233244225203479,0.8225825261502787,0.741883971006104,0.6687004993228516,0.4259467424349864,0.6329709596249598,0.5839871784623841,0.4621895698866929,0.5712484362989619,0.6544606033137483,0.506721075696754,0.7202793640957107,0.6244139913569098,0.6763995107926182,0.787242265149566,0.7174343314022207,0.4769428017297894,0.6914165895196127,0.6311539493292673,0.44537683824105334,0.6694896879177095,0.6882366007932257,0.5614804887676016,0.6192201100937391,0.5067241459847498,0.5956020405014242,0.6334920831826831,0.4074307578518867,0.4425860742719837,0.5931188900453515,0.575159153657659,0.6074307457420681,0.5240375331384248,0.6996712929149235,0.5059175495241783
CBU_27,0.6265263201096948,0.5142693475201032,0.41723692744063795,0.5556997701896769,0.3452588826729815,0.5864424368433505,0.5384798391983445,0.662985669129519,0.5936964090938788,0.5662360390938157,0.6203633756721355,0.6093882664882496,0.3576641966228583,0.46263573891319976,0.6992017368390655,0.5885953599731599,0.4614982808685436,0.5191126808605534,0.6416571316971059,0.5813630908199866,0.6141840495211806,0.8092282785257908,0.6933648998545437,0.4579048391277681,0.6358682142645775,0.5397969067221395,1.0,0.6941736836297143,0.32858888429074273,0.41955031358396466,0.7313605120961665,0.3562111858344662,0.6067681581598601,0.4222257607998837,0.5331632825403515,0.515355710738275,0.6629787722326972,0.6437351444470891,0.6325181982140935,0.7883806721770681,0.6393080938391933,0.7993542033403772,0.7651077384229681,0.6790831680851944,0.698993697761935,0.6375942416493505,0.7208113160199305,0.5447153775569763,0.6723275575331863,0.5234708263607737,0.8381726311269728,0.6786248941733299,0.4472497222898203,0.5459823139206024,0.6562764754293092,0.6656633724445251,0.8172356357019583,0.7101662201674792,0.7669147149285571,0.6763679312187362,0.3819147403893464,0.5357802086208798,0.6628546869532147,0.7752974980435751,0.4585841520999843
CBU_28,0.7612262267256931,0.745297474626126,0.7433092123234006,0.580768255145455,0.5610066127315299,0.8873690385925245,0.8939317913888165,0.7120791518642838,0.5213651640804926,0.6143651670881611,0.8142386582728138,0.4536810492649995,0.4765347717828613,0.6042442726228917,0.7659399406666075,0.6795516469931427,0.5451022914161915,0.7037060416315716,0.3768829649681038,0.4898706579274966,0.6688451907352158,0.5498724326616597,0.6338802770448563,0.5544718361441319,0.7024797500742069,0.4768538681881801,0.6941736836297143,1.0,0.6578767307257416,0.7299346101361324,0.6331131262599559,0.7883123746603553,0.4026618769422513,0.7290691988649577,0.8804853790399754,0.4181164112150185,0.6767516645470071,0.6603114271092778,0.5228220910551792,0.5275444161014932,0.5534403732904383,0.5357440680603076,0.5703211976420142,0.3541410905148564,0.4507055292021223,0.742952287451955,0.613773865027353,0.5605732183086307,0.43867311106914847,0.7447903375506565,0.6855462708642206,0.5481539257215133,0.574806270901341,0.6579479643598911,0.5178841254782127,0.3673904257147834,0.7370175313591603,0.5474549884499507,0.5719363997931155,0.6457022535470257,0.7528007658351866,0.750682801968565,0.6692161173717277,0.48695255691809614,0.6117092406635478
CBU_29,0.5077126879880045,0.6562024915770323,0.45368681374930997,0.5164143406707556,0.6723162450895509,0.7730509451172777,0.6729095039471626,0.6606960734335019,0.6332057317017005,0.7293208284503183,0.7037264973258395,0.4447482462957296,0.6322799735273099,0.656412764677969,0.5386326187197595,0.7407165863469651,0.6518070197132396,0.7913192704405729,0.6841980355497217,0.505435619356606,0.4568606940212657,0.6160459806446068,0.3155171485950568,0.8410451625139884,0.5088668472491973,0.5599068677697703,0.32858888429074273,0.6578767307257416,1.0,0.754996578986326,0.49769763881120416,0.4164416835158189,0.3682590584060571,0.7672281517253188,0.6241933699697566,0.6074287680387499,0.6257975652876415,0.7098241488009478,0.5679793998453849,0.5305105797518278,0.5175250699977957,0.6335319239186072,0.782649690908102,0.5062322612536788,0.3602263040618411,0.461564102340084,0.4703091799629566,0.5103761885330204,0.6757824391229401,0.6742878721685355,0.6420678443362634,0.5275070610767243,0.4719136138887148,0.5028114498913834,0.4595362654875388,0.46145526383797686,0.6905184134942445,0.5514099099236499,0.569964885265313,0.5634236720753538,0.5807800119360169,0.656213207321529,0.6100584828371856,0.4777333636942126,0.725344696482702
CBU_30,0.6249088300128023,0.3357443973695462,0.6530291314994962,0.4334736102782383,0.6130034808111119,0.7022039160794717,0.5558545291619336,0.6871832048567914,0.7926918327320112,0.7058284222617348,0.5337500707831626,0.6683542460943797,0.6355891237990047,0.4246797157196426,0.5377652108100238,0.5059068122787974,0.7834430347729286,0.5489351066870681,0.7232817961579145,0.5897667843262444,0.5001562419875694,0.5195845838733232,0.6461118752323427,0.3862701356545434,0.6079848998824712,0.5074407366208916,0.41955031358396466,0.7299346101361324,0.754996578986326,1.0,0.6430469239671773,0.6561422162076351,0.7074633639478477,0.5444203612151188,0.4469242376721046,0.6218421646474919,0.5991908509264637,0.7205834730603797,0.766386105669622,0.6188196655833138,0.6244834049497785,0.6808598927789891,0.7850679380594563,0.5193073458665656,0.6260389955249461,0.6351892540665691,0.5100004017756742,0.6145290306496816,0.6447799278809228,0.6260160061021349,0.6375446901876749,0.7203566649043972,0.7190010844577382,0.6325216065820436,0.8635217195433118,0.7199222873853051,0.5943351498268468,0.5689414681279475,0.6780257362921827,0.646680076788747,0.6206843638894647,0.7046848333641973,0.8253162271356385,0.44883148558640573,0.65180027138128
CBU_31,0.6129591822650555,0.3548001086332889,0.3403224884062048,0.7355161467994443,0.7377564068688371,0.38598567366791736,0.3731200095163899,0.7570147341528713,0.4752395925870315,0.8096330967262904,0.6962971225801324,0.5360387297714329,0.7122023892492024,0.5528201319046144,0.4453608191819177,0.5669399682793312,0.7737000577909477,0.6981949540151519,0.48690195549256715,0.6473335274828405,0.676337793305276,0.7399271211567691,0.5071316314020724,0.554047462751863,0.7158386599440136,0.6233244225203479,0.7313605120961665,0.6331131262599559,0.49769763881120416,0.6430469239671773,1.0,0.8044028725086652,0.6121230997993263,0.4745731455546791,0.7709780502544408,0.6372863872932618,0.6320323337642955,0.8177215904517838,0.36759604455956874,0.5762861116043221,0.8673768041058082,0.6429644802179626,0.39526734513085937,0.7633606479214253,0.4421262272649654,0.6479286130912102,0.8644202607312499,0.6753628658883986,0.6583657388057385,0.4797245516265,0.5966565993589545,0.5025161734677731,0.6614562085323532,0.680504483209107,0.6468630328112651,0.7895753439297557,0.6536577191170365,0.4303840079841411,0.3931779296973309,0.563717793449964,0.7255794360056408,0.609553566193874,0.5893373665076042,0.42177712020735125,0.5954626392719169
CBU_32,0.6450490094245852,0.7528298022284847,0.4992489909958552,0.7118744843896823,0.5832284990221106,0.624469350112876,0.5810998389784643,0.6250438699327304,0.6616863418909944,0.7468565424705406,0.5516798746439053,0.604601535295945,0.5583969630871644,0.5619728300291853,0.6609154220163247,0.48653190919447586,0.579696922139476,0.6222919296016678,0.7060109138628219,0.5757220292027647,0.6461654837738878,0.6915511814098638,0.6468209781978134,0.6918940368122399,0.5591197968325865,0.8225825261502787,0.3562111858344662,0.7883123746603553,0.4164416835158189,0.6561422162076351,0.8044028725086652,1.0,0.6883924840091129,0.5094455897767186,0.7003203043677362,0.7468161408691972,0.4759731238228935,0.6954000128556233,0.5569459971530928,0.3510076172372819,0.6882735401325866,0.4187766874299109,0.642698790643791,0.5309807155444922,0.5501942946928328,0.39408649778649707,0.7564365244562657,0.6582228880412699,0.367830572246193,0.38549081247377387,0.5993118219813899,0.6602520449158755,0.6162830129688088,0.5371051684806498,0.707122482253177,0.6315187158830288,0.5655533149942626,0.6397132275987636,0.5149752418832901,0.4798627134804261,0.7634766919032296,0.5357983850145654,0.6477679859737167,0.42709694669853815,0.8278146710977718
