,mel,afi,d4r,bea,cas,nsc,d6r,mfi,bik,mtt,ddr,mwf,sod,fer,pcr,bog,mor,cha,lta,imf,dzc,can,non,pau,mei,sti,mtn,jbw,stf,aft,bre,lau,gis,ast,nat,ton,dsc,afs,mtw,gme,doh,rth,d8r,ats,abw,dcc,lev,rut,atn,ltl,bph,clo,lov,mso,dnc,rte,phi,d3r,afy,vsv,los,aww,eab,ave
mel,1.0,0.4724338191293965,0.7069182759464657,0.6983131598139558,0.9767314958527498,0.46389387713509334,0.6800745820393089,0.9898804860758814,0.697419611645323,0.6975318988747545,0.6974145257126404,0.6935616737651067,0.6501914733008841,0.6982842403524653,0.6952342984236913,0.46509289732085735,0.9486539319518796,0.6565435831453513,0.6253537667382956,0.7195587051998695,0.5728475927759781,0.47049685658896034,0.6976650713085224,0.6939251951236314,0.46009120790144376,0.5511098640809989,0.6881403142154082,0.6974723262394535,0.7119872550306475,0.44738006734903746,0.719153712229715,0.7137657265915084,0.5063495018999045,0.6645362907498674,0.49816902214079456,0.6974230343638343,0.6806616214799565,0.7028890671102614,0.6986813674392474,0.5762986916084711,0.7069479027965855,0.6971074153671968,0.6804195022044134,0.5953283540848333,0.45044842833024246,0.538545021847574,0.6241323648259942,0.668287470061187,0.4471038922972921,0.687488281103829,0.4436438945098969,0.4911996946863807,0.6976285315025222,0.4516236988866369,0.42504822895556804,0.6792560827905716,0.6875853456441401,0.6782187256865728,0.44416657129131676,0.696675272485485,0.4210401145258099,0.44122541246049385,0.4542589590400997,0.41307792512577546
afi,0.4724338191293965,0.9999999999999998,0.4898595581172662,0.4668529493319573,0.4687399923036798,0.9929332370516631,0.5912111039124628,0.4663181187027434,0.4694313348344914,0.469463771354074,0.4664696515371756,0.45993302855838736,0.5994992254172233,0.46955482680962285,0.4650014743224067,0.9927192445680626,0.46827457373353587,0.5999654613507411,0.6174046170390001,0.5090788862101323,0.6736507153824202,0.6977986073059697,0.46985343489367526,0.4591756871781641,0.6089624606148399,0.6841550776533999,0.45933457018737406,0.46950193835612214,0.4690645474122965,0.6930941471588443,0.4680988798797227,0.5120223692952457,0.6523436634667459,0.5117469467187183,0.6317330551756115,0.46982529969619724,0.5563797195787986,0.5290763181867358,0.46803383568212,0.6733683615934252,0.46709364657692953,0.4654307620730975,0.540533621296285,0.6677738849757688,0.6294949559574475,0.6799848938025914,0.6353897870323777,0.4424544190635292,0.6952756385738146,0.4567983415191043,0.6906833555412157,0.6573587582597444,0.4651627076368833,0.6847353709579552,0.6835583567871095,0.45262652744058063,0.508191144708431,0.43678764855350877,0.692594290090942,0.4639111288087985,0.42389822381279263,0.6851170399999604,0.4430419630760276,0.6522926213301221
d4r,0.7069182759464657,0.4898595581172662,1.0,0.6970914810310471,0.7045059756405675,0.48418473085124025,0.6726572791471007,0.6931168315668543,0.6931975075834165,0.6933952467410105,0.6934206538987215,0.6914949995758445,0.8175456870612302,0.7493547074671637,0.6895773426060567,0.4856756229314768,0.7171619846541576,0.6651086178193364,0.8667935560267473,0.6915575281108027,0.5895945695385794,0.49023036228558614,0.7617721206380168,0.6883992292106363,0.4755079866753923,0.5719057660532674,0.677566302281379,0.693367475376928,0.7392758576510823,0.46794333340404193,0.7584343361207309,0.7636262300675594,0.5186483138971119,0.7159969217401412,0.5099998484332176,0.7595509834702853,0.6875727632857811,0.6946642518912937,0.7216578856800242,0.5959611154288521,0.688486871942102,0.6940104365944791,0.6846634464333743,0.6014399376200084,0.4576951166190023,0.5475079487624746,0.6347222630435075,0.6550371273261852,0.4669274556819499,0.6865707655001899,0.4694148016485804,0.5425842406821539,0.6922184340491598,0.466707831521345,0.4579873685213242,0.668193142376913,0.6835270331533326,0.7187214249001306,0.4753880934748486,0.6891173233741517,0.40864634583321935,0.4615785840902559,0.4521902923522578,0.42426372330188367
bea,0.6983131598139558,0.4668529493319573,0.6970914810310471,1.0,0.6981065306418804,0.46117945573944363,0.6605823459514066,0.6962186325156129,0.6954475788616445,0.6947833628041468,0.6919765014983056,0.6884879161443382,0.6490159700772024,0.6971980827072621,0.6915921267674889,0.4625776187815346,0.8331100372869152,0.6521128446846087,0.6213523827305606,0.6913108373819392,0.5723871031471927,0.4683697021328489,0.6962556724709844,0.6900040962928897,0.459960712461378,0.549800522207292,0.6801835689729543,0.69558049781803,0.6964230678783221,0.4425771901874702,0.7013759490275824,0.7013468635731168,0.5015598031724879,0.6565745743198218,0.49381081895664103,0.6970898435672033,0.6802056766692637,0.6886371141603943,0.9600343846424373,0.5757006101520632,0.690663847939071,0.6916444538954324,0.6762446186879665,0.5824032139432848,0.4448537668757093,0.5288632115064849,0.6192062245362324,0.6584364993458933,0.4431826523472365,0.6889208794641634,0.4438293869379963,0.49874443464464857,0.6959217401088112,0.4489138304789011,0.4314698709488854,0.6705592077991847,0.6831970272518125,0.6751002293457482,0.44631356999809296,0.6940949906844892,0.4121611946633631,0.44306511244961,0.4481420033213961,0.4087801456777787
cas,0.9767314958527498,0.4687399923036798,0.7045059756405675,0.6981065306418804,1.0,0.462788899015959,0.6615055297060346,0.9851075391435622,0.7604903300658375,0.6995411803663009,0.697128533442379,0.6919697118467425,0.6483866736805048,0.7145672972533925,0.6954793615074291,0.4639326327285176,0.9464881183721433,0.6557432013135496,0.6227192977851351,0.6960570952673741,0.5771174565463786,0.47053039995409657,0.7249997944182307,0.6929973899157722,0.4594518681966263,0.5532509268671014,0.6900380916773752,0.760476785274146,0.7154665203464144,0.4464483253903101,0.6974008426555456,0.6933165356644388,0.5065761000084775,0.6678948843601952,0.49864700768996356,0.7181905592247595,0.6805366508791602,0.6894115936269701,0.7324864206803783,0.5758916657404936,0.6958617296189772,0.6964130136816411,0.6787349637104898,0.5843237347165142,0.45241583934723273,0.532589607672349,0.6237658577825466,0.6716422327941953,0.44704308929382686,0.6869207461733517,0.4420186765126949,0.4879551941772898,0.6976724076402171,0.4520126049034216,0.42313057446648195,0.6818952643661003,0.6876202908640772,0.6627477750273694,0.4429379852019184,0.6972685168335306,0.42474278824464246,0.44070790890859457,0.45399082068626995,0.41325159865130623
nsc,0.46389387713509334,0.9929332370516631,0.48418473085124025,0.46117945573944363,0.462788899015959,1.0,0.5863505034932565,0.4602173457049648,0.4635042986358868,0.46347094751442924,0.46020986030211497,0.4541583222594079,0.5948905565054342,0.4635605362550257,0.45835750654401664,0.9995857346701524,0.46235782590359786,0.595001548429763,0.6130735309664391,0.47784612733940623,0.6710526388379446,0.6975992530233217,0.4639430950052617,0.4532926897853291,0.6090681407081573,0.6820327912466257,0.4525376563739831,0.4635752065361915,0.46325663553293395,0.6933041610340489,0.4623724223235207,0.5065966315893794,0.6510659873998794,0.5048733898694892,0.6306521666579255,0.4641192894071192,0.5511408673019806,0.5546403224043351,0.4623359715362477,0.670786920120502,0.4909820223743529,0.4592961085713759,0.5347682805752488,0.6922803709085461,0.6287955256887525,0.6934618982345316,0.6312580463973038,0.43509165701928776,0.6955906228485239,0.4512517940664553,0.6906959226480419,0.6568271700966463,0.45888620031455524,0.6845899776858857,0.6771616506305731,0.4455512854836351,0.502300759241146,0.43213627167011004,0.6934432197666215,0.4577315228820209,0.42275511905731744,0.6860208408623658,0.44249892602327456,0.6527666643309719
d6r,0.6800745820393089,0.5912111039124628,0.6726572791471007,0.6605823459514066,0.6615055297060346,0.5863505034932565,0.9999999999999999,0.661274659743436,0.657563190723288,0.6608774031500781,0.6607643693690713,0.6609966904474596,0.7674069468533236,0.6609138203487576,0.6574569777050833,0.5871064387740818,0.6620058770925306,0.9571387603565347,0.6898845783472958,0.6553426481878929,0.6629410183277203,0.6258790270589222,0.658200440447057,0.6625690443047388,0.5377491823091337,0.6533205774161457,0.6461737293877841,0.6576515670999212,0.6597554256707233,0.5878345860747394,0.6594544524788631,0.6773562096800114,0.5991733181785287,0.6546531665227465,0.579080181873472,0.6593984482526347,0.7075765728354002,0.6854057056181684,0.660234311930744,0.6808463555976693,0.6527418075974756,0.6618818571606808,0.6923763270205788,0.6688046062908292,0.5412446941416283,0.6353924826391734,0.7308881319214158,0.6221660070171887,0.5756804398137867,0.674041804279907,0.5744388117250693,0.608274267558723,0.6599737009359218,0.5899381766551364,0.5572840372803478,0.634933173646018,0.6785438852819906,0.6347008602489377,0.5747751903458158,0.6577237834535816,0.41200207412004686,0.571262147804234,0.4535774946846499,0.5439947141783337
mfi,0.9898804860758814,0.4663181187027434,0.6931168315668543,0.6962186325156129,0.9851075391435622,0.4602173457049648,0.661274659743436,1.0,0.6965109862356562,0.6965168870308651,0.6965729616900033,0.691976271225189,0.6477359227911338,0.6959444799437953,0.6957615047183728,0.4613187931352212,0.9555107526992466,0.6561043669867515,0.6224023513352404,0.6934091810393037,0.5720301832498669,0.4699556758271168,0.6958785404944065,0.6949899068461014,0.45862059001914424,0.548615424335527,0.6904505853311532,0.6965135877266576,0.6958269755966802,0.44588994802944404,0.694691351703907,0.6897332291816332,0.5080671945128507,0.6691699093104958,0.4988340338416529,0.6947260503577477,0.6790508751173474,0.6868525627542847,0.6965782619454965,0.5736846318577107,0.6935865273480659,0.696038932787284,0.6800535263508202,0.5811029417228146,0.4548985080824637,0.5326759311708398,0.6244013014501241,0.6719780114837315,0.44606735574707923,0.6867941898921451,0.4404402102555629,0.4817332627817782,0.6982901933798588,0.45384243352783293,0.41859792084688585,0.6817985322127591,0.6901888238788502,0.6570772284471803,0.4401787676394017,0.69827883957966,0.42424171174710407,0.441349165148095,0.45218293617489513,0.4177387229237637
bik,0.697419611645323,0.4694313348344914,0.6931975075834165,0.6954475788616445,0.7604903300658375,0.4635042986358868,0.657563190723288,0.6965109862356562,0.9999999999999999,0.870477026232316,0.6957603295701771,0.6873625398694274,0.6435695470908711,0.6979557211047429,0.6944723026823476,0.4645347870322297,0.6975933256799776,0.6525599688015733,0.6168949774838421,0.6983148132482456,0.575425051615915,0.46888222163070625,0.6995161012436175,0.6877443356316665,0.45685600881406574,0.549237888104211,0.6923335445547991,0.9998079622346345,0.6980705088765399,0.44351216952288064,0.6965824984605767,0.6926354749658071,0.5044858744839,0.6719772273512664,0.4983970469744706,0.8233013176378112,0.6792674030134418,0.6890067021417312,0.8039970212297252,0.5747365798562637,0.6988634380969061,0.6940400739963993,0.6732742881686336,0.5856967583588703,0.4529610210952003,0.531644779216254,0.6211415196276056,0.6773522170918315,0.4462329412145166,0.68301391990909,0.43830682221534056,0.4842701590778778,0.6955227501554132,0.44923656719367144,0.4201123602664401,0.6863001610869458,0.683615302272962,0.6579561105731206,0.4404626746590519,0.6956815693603589,0.43126510456071215,0.43559823281958454,0.4543795204448357,0.40759899970610647
mtt,0.6975318988747545,0.469463771354074,0.6933952467410105,0.6947833628041468,0.6995411803663009,0.46347094751442924,0.6608774031500781,0.6965168870308651,0.870477026232316,1.0,0.6967663890178485,0.6889837529715627,0.6443489534882011,0.7045345957737348,0.6946755535614355,0.4644785809792598,0.6986009362990308,0.6537235915944306,0.6186228755965095,0.7154991450258847,0.5943550233518736,0.46908176140887037,0.6994493180401803,0.6884563251424176,0.45695391627834353,0.5496103370812477,0.6930861872065941,0.8705891588187538,0.7095557375889407,0.44477779097729414,0.696725480460022,0.695248843991945,0.5052892798285574,0.6717675925138691,0.4995344384261394,0.905531201177109,0.6793888232672863,0.6889705484164774,0.6963392235227124,0.5751190030671407,0.6987377397908452,0.6951081695989583,0.6746294538624772,0.5998403427135608,0.45263824177407397,0.5318820666898758,0.6221787427870707,0.6782513023373586,0.44667792230587733,0.6824016997260844,0.4386307749530505,0.48421039959373563,0.6956368415053207,0.502880167831234,0.41929607525443535,0.6872147114986671,0.6837904003564187,0.6570933452807963,0.4408843935461897,0.6957055918819804,0.43217547650052535,0.4342061413070498,0.4569815350153225,0.4056467926397599
ddr,0.6974145257126404,0.4664696515371756,0.6934206538987215,0.6919765014983056,0.697128533442379,0.46020986030211497,0.6607643693690713,0.6965729616900033,0.6957603295701771,0.6967663890178485,1.0000000000000004,0.6947536604219281,0.6482842235866546,0.6968061187848481,0.6953566523710604,0.4612709390536398,0.6959338578437234,0.6567981683969797,0.627476519715917,0.6965975674903587,0.5692670043019408,0.46819796003026076,0.6957718906990282,0.6918942093812107,0.4563935346100504,0.549729840337278,0.9041204229599354,0.6957262431909083,0.6967676833075748,0.4484874547324552,0.6940871498955243,0.6885818505204891,0.5054432603218193,0.6671620022846377,0.49775716050247065,0.695005417598162,0.6774319369579789,0.6883208407163892,0.6929652260753196,0.5737818753421144,0.6944853155445503,0.6994124661581446,0.6806698862660454,0.5824339241052598,0.44992663801268973,0.5303926165540849,0.6243423841284534,0.6738150348116975,0.44817574342170424,0.6811081001547025,0.44126994357188754,0.4858131405412528,0.694426732637031,0.44794711117652497,0.41837610265447567,0.6838314112658002,0.6852757411669692,0.6569018698764704,0.4390956463006842,0.6934289030913372,0.4245240886648226,0.43395219195392637,0.4570054366453761,0.409496698946203
mwf,0.6935616737651067,0.45993302855838736,0.6914949995758445,0.6884879161443382,0.6919697118467425,0.4541583222594079,0.6609966904474596,0.691976271225189,0.6873625398694274,0.6889837529715627,0.6947536604219281,1.0,0.6507257157921439,0.6905591728404719,0.6850966162153431,0.4553874286090569,0.6914245287716969,0.6548349805342025,0.6426042928305427,0.6869645804262242,0.5623121346474222,0.4647162126206007,0.6882682156674539,0.8013218854928412,0.4531038136113862,0.5453678494340103,0.6781825250592648,0.6873599210152992,0.6919485719984895,0.44649278936188774,0.6897136272218377,0.6834077322428731,0.5320909566570994,0.6469803646686777,0.49147323425990097,0.6896951388963992,0.6753173109146888,0.6820490982480225,0.6883466231070358,0.5705477516546154,0.6829263254567417,0.6968161107398112,0.7546483690390067,0.5754265909667109,0.43770663372695817,0.5247201590709576,0.6217629768781987,0.6524347390725107,0.4430028431958999,0.6846589577311315,0.43803910466527496,0.49327331287118503,0.6882937726183447,0.44308118139231345,0.41702752276725064,0.6659362204932094,0.7529406127720129,0.6637613759362883,0.4409730074459511,0.6870428912216268,0.4087299678551186,0.4358526440866825,0.45700467606514383,0.4059403663162194
sod,0.6501914733008841,0.5994992254172233,0.8175456870612302,0.6490159700772024,0.6483866736805048,0.5948905565054342,0.7674069468533236,0.6477359227911338,0.6435695470908711,0.6443489534882011,0.6482842235866546,0.6507257157921439,0.9999999999999998,0.6494724217786646,0.6449771426997565,0.5970245902844401,0.6495294771485207,0.6937907861039604,0.8965704532859538,0.6411513371268077,0.6673634578956642,0.6010557800235594,0.6449312369782054,0.649687157887713,0.564751603169223,0.6585221675423363,0.6288377216700484,0.6437572862828096,0.6469192241240369,0.5825810502484766,0.647217179904181,0.6689256647451765,0.6152281782814659,0.6375345791490112,0.5973602022273937,0.6475104155306104,0.6892744537519775,0.6773456731625425,0.6481694748492142,0.6715221420296684,0.6370768949631793,0.6505000578619514,0.6871689799019299,0.6684514145691068,0.5596786644615447,0.6428731353150041,0.6859759774763784,0.6019965422252658,0.5830129513640484,0.6478417567322163,0.5863648547589089,0.6261892175612447,0.6464384969882939,0.5795264344088179,0.5742669543126645,0.6162867720464731,0.6673520187256595,0.632725727128344,0.5850205883134274,0.6423422149517853,0.3988789436900275,0.5798822433586622,0.4469697593027392,0.5482306648832894
fer,0.6982842403524653,0.46955482680962285,0.7493547074671637,0.6971980827072621,0.7145672972533925,0.4635605362550257,0.6609138203487576,0.6959444799437953,0.6979557211047429,0.7045345957737348,0.6968061187848481,0.6905591728404719,0.6494724217786646,1.0,0.9338990939151879,0.46481352171493445,0.7408166776990838,0.6544384325671944,0.6247839730274667,0.7175350874455131,0.5729951655862011,0.46925453258623007,0.8200012435262598,0.6890027858111707,0.46006924246296366,0.5521138610330197,0.6870116909568972,0.6980599750465633,0.7080857012395267,0.4457871376253355,0.6983621116571328,0.6936212387740384,0.5030492936571965,0.6627015908591383,0.4967343031982155,0.8225346784879553,0.6808534432747109,0.6917258221931217,0.6979816530899333,0.5771624115658307,0.6954507695134358,0.6960597012100279,0.6778477034865603,0.6030829461282105,0.4475929803977885,0.5303148288699409,0.6214473362404169,0.668532197376361,0.44725412536347736,0.6855689839409007,0.4456684070842475,0.4969050183841585,0.6958557473061338,0.4488878382357046,0.4305047754621863,0.6794675450609567,0.6825814086517265,0.6687160224338758,0.44525671462049987,0.6936303994684352,0.4256807908710358,0.4365062514635373,0.4596584843192517,0.4059538178994423
pcr,0.6952342984236913,0.4650014743224067,0.6895773426060567,0.6915921267674889,0.6954793615074291,0.45835750654401664,0.6574569777050833,0.6957615047183728,0.6944723026823476,0.6946755535614355,0.6953566523710604,0.6850966162153431,0.6449771426997565,0.9338990939151879,0.9999999999999999,0.45947635513353147,0.7290025960713102,0.6528625786984181,0.6207961231004877,0.693243581733136,0.5706205413222971,0.4670975786463371,0.6935270889245434,0.689182951913704,0.45784394584194266,0.5474116908352644,0.6911878713257453,0.6945296271088133,0.6917296026051657,0.441850196265025,0.6903665701848332,0.6856111366707293,0.5051761994168303,0.6715800879253231,0.49637367065162996,0.6921322915772843,0.6766551509807188,0.6872182501513817,0.6923322561807851,0.5710319422823054,0.6929834296146007,0.6940917711416283,0.6787881264183799,0.5793448665868355,0.4573644044081032,0.5302543628966871,0.6207537139694421,0.6760358170633054,0.445929723511147,0.682900765403285,0.44296783667398626,0.4790275705291866,0.6970751635646073,0.4545444171706725,0.4215493320905375,0.6843939554365966,0.6868698833050615,0.6496166867835635,0.43549045267047565,0.6950861809227232,0.43924024198015543,0.4341901274672314,0.46251449425207947,0.41733087289452625
bog,0.46509289732085735,0.9927192445680626,0.4856756229314768,0.4625776187815346,0.4639326327285176,0.9995857346701524,0.5871064387740818,0.4613187931352212,0.4645347870322297,0.4644785809792598,0.4612709390536398,0.4553874286090569,0.5970245902844401,0.46481352171493445,0.45947635513353147,0.9999999999999998,0.46359251009399033,0.5955421906854731,0.6148760994155037,0.4787885534023918,0.6723401808034445,0.6966246895417829,0.46504367537581204,0.4545124483118909,0.6177989782696302,0.6822951343854762,0.4531347458378197,0.4646149232833614,0.4643847892531473,0.6921614369365637,0.4637044751727272,0.508812462368661,0.6565849341114828,0.5049404226605889,0.6375389357819015,0.46533954610558204,0.5528249162395279,0.555639433510879,0.463667192411094,0.67109935700201,0.4918322529315642,0.4604304606587133,0.5357191265076628,0.6919783614651883,0.6350931434814036,0.6961165042703756,0.6311756459291777,0.43537217447712395,0.6944719914750118,0.45281996362030863,0.6900575893219629,0.6590141693942653,0.46002988190378724,0.6834711421717425,0.6839730142867885,0.44599483016069186,0.5031134408495547,0.43437017925866256,0.6927154988049449,0.4587187303804697,0.4218041332990037,0.685254938367068,0.4422502110627972,0.6516336845338491
mor,0.9486539319518796,0.46827457373353587,0.7171619846541576,0.8331100372869152,0.9464881183721433,0.46235782590359786,0.6620058770925306,0.9555107526992466,0.6975933256799776,0.6986009362990308,0.6959338578437234,0.6914245287716969,0.6495294771485207,0.7408166776990838,0.7290025960713102,0.46359251009399033,1.0,0.6553914307551064,0.6233088654062292,0.697364175189334,0.5734924316974237,0.4703730651959788,0.7149277519949659,0.6930869013820126,0.46049363185457537,0.5507936822653857,0.687143127237603,0.6976421182895944,0.7023717777168896,0.44568992922414324,0.7019905289329458,0.6939357039035332,0.5058706550378445,0.6644410819762689,0.49780799163237976,0.7151017706818201,0.680997546754526,0.6894823164126297,0.8233654947033082,0.5762747553008589,0.6940246130585569,0.6954233798980333,0.6792158639044236,0.5860474929007402,0.45094548345363483,0.5319841057572681,0.6230232535013116,0.6675107321793552,0.44625073892050227,0.6884315193118137,0.44363645648551564,0.49163313987148183,0.6981093924709205,0.4520995979420701,0.4265331100652697,0.6783877815006369,0.6872167398690789,0.6669483050576896,0.4445434966601794,0.6970620137669583,0.42058603958958585,0.4420761910294131,0.4525341625467763,0.41306593718037754
cha,0.6565435831453513,0.5999654613507411,0.6651086178193364,0.6521128446846087,0.6557432013135496,0.595001548429763,0.9571387603565347,0.6561043669867515,0.6525599688015733,0.6537235915944306,0.6567981683969797,0.6548349805342025,0.6937907861039604,0.6544384325671944,0.6528625786984181,0.5955421906854731,0.6553914307551064,1.0,0.6896863104395151,0.6519500477613954,0.6671740366136722,0.6035811487465994,0.6528260826145342,0.6539745111663848,0.5421763817762613,0.6585389667196353,0.6469634387469929,0.6525470302099102,0.6544154890516384,0.5871515105193053,0.652816493470656,0.6719279421356246,0.6087010779521123,0.6602733895696495,0.5889292006770801,0.6525544137958064,0.6890449292163572,0.6805981621334509,0.6523252030837243,0.6718768525570751,0.6495954899569097,0.6568563716668618,0.6886159653408417,0.6733043354936324,0.5527199125341742,0.6418874206587455,0.6945728596520572,0.6268898374390502,0.5852907176226658,0.6431936216829968,0.5804804032532194,0.6059506634905587,0.6547409391922127,0.5847138316772957,0.5576064750078343,0.6377357931339663,0.6751625871762498,0.6169852905447571,0.5804443796083694,0.6537001995494336,0.4219123341378034,0.5759345170242981,0.45709209144633506,0.5499700986298522
lta,0.6253537667382956,0.6174046170390001,0.8667935560267473,0.6213523827305606,0.6227192977851351,0.6130735309664391,0.6898845783472958,0.6224023513352404,0.6168949774838421,0.6186228755965095,0.627476519715917,0.6426042928305427,0.8965704532859538,0.6247839730274667,0.6207961231004877,0.6148760994155037,0.6233088654062292,0.6896863104395151,1.0,0.6174731794563396,0.6714786145389366,0.6196098761408853,0.6188864351418282,0.6352122539938134,0.5715134103583337,0.6699124981100412,0.605354165414558,0.6170534744991293,0.6225621443944509,0.6081896994509015,0.6217868094154937,0.6470523373619826,0.6260429732231835,0.6189522387704166,0.6047056908717183,0.6213509596289223,0.6730549772857949,0.6601430494149705,0.6205482941358027,0.6783954463216124,0.6112567209619248,0.6308579693974512,0.7061414974280353,0.6738046635899163,0.5683809845267015,0.652805439726141,0.6878683862900915,0.5777967642935018,0.6059243344311489,0.6189538670868718,0.6092714257387026,0.6615686666051213,0.6202138293433977,0.5968824035299581,0.5935893309379594,0.5924215057739437,0.6502677519561171,0.6052370648184172,0.6051295711915341,0.6153855716435741,0.3920962909055238,0.5971275392973622,0.4449818586814652,0.5679264437204674
imf,0.7195587051998695,0.5090788862101323,0.6915575281108027,0.6913108373819392,0.6960570952673741,0.47784612733940623,0.6553426481878929,0.6934091810393037,0.6983148132482456,0.7154991450258847,0.6965975674903587,0.6869645804262242,0.6411513371268077,0.7175350874455131,0.693243581733136,0.4787885534023918,0.697364175189334,0.6519500477613954,0.6174731794563396,1.0,0.5700872211119418,0.46615832513917943,0.6985456305634595,0.683206893356453,0.45382018331567603,0.5485338308693546,0.693171855608238,0.6982879292996675,0.7278555652501979,0.444800259173754,0.6957155458721279,0.6907300792066341,0.5021227104044605,0.6713107647089149,0.497608381949618,0.6972238542245575,0.6758850728785017,0.8173857929218421,0.6934000517731244,0.5734895314431285,0.8225906583084348,0.6944330468368565,0.6710855539003611,0.752150050525902,0.4483194851169855,0.591817233362635,0.6202650952887339,0.6800243084181967,0.445490638857321,0.6749317434546626,0.4371004684626324,0.48274454187073196,0.6921476448681854,0.4452528059536107,0.4164509135261203,0.6886066717622967,0.6787498143258274,0.652828415430986,0.43784007329687324,0.6919764537691925,0.43835658923932574,0.42728579839856196,0.46328012524014106,0.3991785854023068
dzc,0.5728475927759781,0.6736507153824202,0.5895945695385794,0.5723871031471927,0.5771174565463786,0.6710526388379446,0.6629410183277203,0.5720301832498669,0.575425051615915,0.5943550233518736,0.5692670043019408,0.5623121346474222,0.6673634578956642,0.5729951655862011,0.5706205413222971,0.6723401808034445,0.5734924316974237,0.6671740366136722,0.6714786145389366,0.5700872211119418,0.9999999999999999,0.6814173777309078,0.5730703948137653,0.5656954386775308,0.6097282131669923,0.6947107444955873,0.5626735638695961,0.5760964708816179,0.5712132638569649,0.6557331447653512,0.5708281290320864,0.6090114470725898,0.661230301452466,0.603730848782263,0.6410734297763904,0.5886566285355433,0.6427528259265755,0.6212003545559505,0.5732801816779578,0.6961993440231264,0.5707856282403263,0.5685901753697641,0.6284659511577504,0.7778298475360103,0.757804182275789,0.6904510872699097,0.6840617459228869,0.5445408285117952,0.7209355860284741,0.5644199582562086,0.6554863227469496,0.6572696686870844,0.5717484498859495,0.6566803657136817,0.6407151376394988,0.5546720582544753,0.6066041473182865,0.5395020823889245,0.6564711469916316,0.5708003062612119,0.42247315731933344,0.6547285681836515,0.443599966493322,0.6295592293195742
can,0.47049685658896034,0.6977986073059697,0.49023036228558614,0.4683697021328489,0.47053039995409657,0.6975992530233217,0.6258790270589222,0.4699556758271168,0.46888222163070625,0.46908176140887037,0.46819796003026076,0.4647162126206007,0.6010557800235594,0.46925453258623007,0.4670975786463371,0.6966246895417829,0.4703730651959788,0.6035811487465994,0.6196098761408853,0.46615832513917943,0.6814173777309078,1.0,0.46873988408821377,0.4666517980856349,0.5978837448086426,0.6836693057074895,0.46002765092458825,0.46892268050163854,0.46854741751995543,0.6951366328838173,0.46758528852080017,0.5101172595658187,0.6479220880578784,0.5120694750443688,0.6229965572671012,0.4687186825357556,0.6867852043621874,0.5285631456155381,0.46881453952294966,0.7147141098516504,0.46541411578225256,0.46798476983714155,0.5463719197831414,0.6660856698563073,0.6230222732798314,0.6779373281157823,0.6399175165733768,0.4406075465391939,0.6965046594699184,0.6334906036244861,0.6915772102547224,0.6534388027001965,0.4690214859602788,0.6902576510924465,0.6740188965902301,0.4512529929087945,0.5157068732505449,0.4354424589846265,0.6933754958058116,0.46813884151568225,0.48762260656445333,0.6906514341090516,0.44477141371033746,0.6723453365611372
non,0.6976650713085224,0.46985343489367526,0.7617721206380168,0.6962556724709844,0.7249997944182307,0.4639430950052617,0.658200440447057,0.6958785404944065,0.6995161012436175,0.6994493180401803,0.6957718906990282,0.6882682156674539,0.6449312369782054,0.8200012435262598,0.6935270889245434,0.46504367537581204,0.7149277519949659,0.6528260826145342,0.6188864351418282,0.6985456305634595,0.5730703948137653,0.46873988408821377,0.9999999999999999,0.686614910163561,0.4573321714763748,0.550316600692411,0.6904197366006382,0.6995565776616373,0.6991604817734708,0.44477758414857255,0.6983462319130137,0.6939402492589233,0.503139381681714,0.6687700631531414,0.49771813358486994,0.8463429730089891,0.6793933086388175,0.6897932411732781,0.6976807979421559,0.5759225113503028,0.6980260801155243,0.6941100275374558,0.6731228665606291,0.5862122287553684,0.44896931281200914,0.5305365504756756,0.6208383527681782,0.6748947704139625,0.44547182294746,0.6821619206018107,0.44038026350366266,0.4898224896524961,0.6948460182069671,0.4476273134219163,0.42368918545053796,0.6844981268787873,0.6814858708977006,0.6628250525317646,0.4426788026285975,0.6943199889884502,0.43016719506365414,0.4344771089388917,0.4570125836920188,0.402017020659623
pau,0.6939251951236314,0.4591756871781641,0.6883992292106363,0.6900040962928897,0.6929973899157722,0.4532926897853291,0.6625690443047388,0.6949899068461014,0.6877443356316665,0.6884563251424176,0.6918942093812107,0.8013218854928412,0.649687157887713,0.6890027858111707,0.689182951913704,0.4545124483118909,0.6930869013820126,0.6539745111663848,0.6352122539938134,0.683206893356453,0.5656954386775308,0.4666517980856349,0.686614910163561,1.0,0.4555201412507056,0.5431122549720959,0.6793826618649268,0.6877321644787109,0.6879650464935099,0.44168556323636077,0.6861578865788424,0.6812288761034885,0.5167521705663312,0.6528240148327269,0.49332951049860885,0.6876261351967137,0.6771821132500215,0.6800843400225799,0.6892905716244455,0.568574277287606,0.6821274191142728,0.6939583032827716,0.8574848355410144,0.5726049917029208,0.4500569035266587,0.5796243445082829,0.6219253454036969,0.653955682231095,0.4433404000399341,0.692818556038448,0.43709415610473884,0.4831603329357863,0.6932245057858778,0.4524899844656858,0.4150373488321541,0.6662746745297545,0.7181929299393572,0.657298302495305,0.438899217954416,0.6927051019496706,0.412912253249247,0.44368262696244054,0.45314063608081406,0.42360166179197944
mei,0.46009120790144376,0.6089624606148399,0.4755079866753923,0.459960712461378,0.4594518681966263,0.6090681407081573,0.5377491823091337,0.45862059001914424,0.45685600881406574,0.45695391627834353,0.4563935346100504,0.4531038136113862,0.564751603169223,0.46006924246296366,0.45784394584194266,0.6177989782696302,0.46049363185457537,0.5421763817762613,0.5715134103583337,0.45382018331567603,0.6097282131669923,0.5978837448086426,0.4573321714763748,0.4555201412507056,0.9999999999999998,0.5982454920705482,0.4440300607039599,0.45701586168206665,0.45724773736861624,0.5926725334693483,0.45797653867882704,0.4977382727696642,0.6776818666346216,0.4677690128667251,0.6866862491502888,0.45848953827656,0.5274566874256109,0.4958011111587895,0.45975722517021633,0.5913061698582329,0.4521647807636407,0.4567944793296128,0.5053431679645766,0.5758050134396128,0.6784453464974233,0.6441897205005708,0.5591784533153539,0.42227148747611454,0.594951387472976,0.45389653838189936,0.5957982518858205,0.597531803558587,0.459172224624245,0.5914637372235922,0.582512455676509,0.43424590737664487,0.4840535558944633,0.43430030893159455,0.5950310107005685,0.4562935046776217,0.4159142759035572,0.590772611071211,0.4426532755767777,0.562243703465104
sti,0.5511098640809989,0.6841550776533999,0.5719057660532674,0.549800522207292,0.5532509268671014,0.6820327912466257,0.6533205774161457,0.548615424335527,0.549237888104211,0.5496103370812477,0.549729840337278,0.5453678494340103,0.6585221675423363,0.5521138610330197,0.5474116908352644,0.6822951343854762,0.5507936822653857,0.6585389667196353,0.6699124981100412,0.5485338308693546,0.6947107444955873,0.6836693057074895,0.550316600692411,0.5431122549720959,0.5982454920705482,0.9999999999999999,0.5375337438960008,0.54936321992982,0.5509473962931593,0.6743751255951307,0.5638268509107367,0.5896367675806741,0.6523790976983868,0.5781413310176001,0.6298404222977854,0.5510778066766663,0.6270578112969604,0.604685751265078,0.5548847221065376,0.6979640705581992,0.5460780742377427,0.5495787460294295,0.6182725532034528,0.6944048690779251,0.61184553989252,0.6865301498296259,0.6793803777282702,0.5172046715633073,0.6866609097272254,0.5393780836807442,0.6740188206304334,0.6689908809831007,0.5475889789679053,0.6658003988767155,0.6600242487937521,0.5289854797745268,0.5842363188749065,0.5244845612068728,0.673496466603563,0.5450118270947609,0.4171969409384555,0.6916125716937902,0.4483559602213253,0.6334863119102115
mtn,0.6881403142154082,0.45933457018737406,0.677566302281379,0.6801835689729543,0.6900380916773752,0.4525376563739831,0.6461737293877841,0.6904505853311532,0.6923335445547991,0.6930861872065941,0.9041204229599354,0.6781825250592648,0.6288377216700484,0.6870116909568972,0.6911878713257453,0.4531347458378197,0.687143127237603,0.6469634387469929,0.605354165414558,0.693171855608238,0.5626735638695961,0.46002765092458825,0.6904197366006382,0.6793826618649268,0.4440300607039599,0.5375337438960008,1.0000000000000002,0.6921155398025095,0.6882905543633506,0.43751053748669466,0.6835047095330585,0.6784956314107228,0.5027006996749079,0.6861236989137598,0.49667080126185326,0.6857587988503843,0.6661052138012451,0.6762914196219473,0.6827132554795079,0.561778023605164,0.7446628185112835,0.6879540135831964,0.6648207957978354,0.574118459249285,0.45714674268210187,0.5261286139593796,0.6172398962873397,0.6942699125129977,0.4381312057674862,0.6643017735700457,0.4232650241271516,0.45135552882099894,0.689336490808518,0.4446689175861241,0.39239492758216665,0.6981248507285047,0.6793796841078045,0.6206461175241451,0.4209629897599231,0.6917702489979082,0.4462549502669444,0.41841757376774735,0.45217400541775465,0.39937345233797455
jbw,0.6974723262394535,0.46950193835612214,0.693367475376928,0.69558049781803,0.760476785274146,0.4635752065361915,0.6576515670999212,0.6965135877266576,0.9998079622346345,0.8705891588187538,0.6957262431909083,0.6873599210152992,0.6437572862828096,0.6980599750465633,0.6945296271088133,0.4646149232833614,0.6976421182895944,0.6525470302099102,0.6170534744991293,0.6982879292996675,0.5760964708816179,0.46892268050163854,0.6995565776616373,0.6877321644787109,0.45701586168206665,0.54936321992982,0.6921155398025095,0.9999999999999999,0.6981035631088139,0.4435083394891397,0.6966855735295397,0.6927128513415322,0.5043752185753969,0.6716892369937636,0.49827094261078686,0.8234806814640425,0.6793765034841426,0.6891636871899087,0.8041581517453815,0.5748539368682603,0.6987988026627675,0.694049077342614,0.6733488361664796,0.5857612572974003,0.45336709627870353,0.5315968985160984,0.6210777385715743,0.6770401380344973,0.4462377070373341,0.6832150094316667,0.43862505362825754,0.4847489977166012,0.6955463640920873,0.449245749632733,0.4206872010754372,0.6860522694402288,0.6835568805383936,0.6585097048727542,0.4406550779256274,0.6956151087863109,0.4310208898144978,0.4356658478531701,0.4543605581326178,0.4076221358024194
stf,0.7119872550306475,0.4690645474122965,0.7392758576510823,0.6964230678783221,0.7154665203464144,0.46325663553293395,0.6597554256707233,0.6958269755966802,0.6980705088765399,0.7095557375889407,0.6967676833075748,0.6919485719984895,0.6469192241240369,0.7080857012395267,0.6917296026051657,0.4643847892531473,0.7023717777168896,0.6544154890516384,0.6225621443944509,0.7278555652501979,0.5712132638569649,0.46854741751995543,0.6991604817734708,0.6879650464935099,0.45724773736861624,0.5509473962931593,0.6882905543633506,0.6981035631088139,1.0,0.44732021401366556,0.7431485877611081,0.7934797517191906,0.5029509207561054,0.6636690232798435,0.49757913098031226,0.6989651182519303,0.6790649425179829,0.6896474725911741,0.6989148050191942,0.5766069129542644,0.6962564863775399,0.6957045349824951,0.6748084548998445,0.6114464660539145,0.4445306288133334,0.5299136923267826,0.6219812669915897,0.6706483072579997,0.44565055474228477,0.6812807657351815,0.44096308344061536,0.49266160412952736,0.6938000458099326,0.44575726792720066,0.42350505972491664,0.6813999787522772,0.6809577341811818,0.6658081578810053,0.4442022525189707,0.6931226943266827,0.4246782807488683,0.4343182128062207,0.4580182685700236,0.3997581088368335
aft,0.44738006734903746,0.6930941471588443,0.46794333340404193,0.4425771901874702,0.4464483253903101,0.6933041610340489,0.5878345860747394,0.44588994802944404,0.44351216952288064,0.44477779097729414,0.4484874547324552,0.44649278936188774,0.5825810502484766,0.4457871376253355,0.441850196265025,0.6921614369365637,0.44568992922414324,0.5871515105193053,0.6081896994509015,0.444800259173754,0.6557331447653512,0.6951366328838173,0.44477758414857255,0.44168556323636077,0.5926725334693483,0.6743751255951307,0.43751053748669466,0.4435083394891397,0.44732021401366556,0.9999999999999999,0.44565975285373083,0.48693388369716073,0.6405046485943215,0.4872818959393924,0.6171714321720193,0.44420926508919345,0.5316568416127403,0.5062190758111608,0.4431887739246172,0.7874612562400841,0.44149757384646476,0.4482921370831755,0.5256095560152574,0.6532598218044159,0.6127729863317395,0.667726135189995,0.6254564801753733,0.4178141546725076,0.695360441774296,0.4290996440974041,0.6903563225968251,0.6478775974752822,0.44299136600513067,0.6831964878721005,0.668126800705501,0.42901015650181323,0.4893567293565759,0.4098319826207814,0.6912849279830006,0.4419610762788383,0.41878778512719605,0.6830730282067329,0.44641423783954315,0.6532618868780102
bre,0.719153712229715,0.4680988798797227,0.7584343361207309,0.7013759490275824,0.6974008426555456,0.4623724223235207,0.6594544524788631,0.694691351703907,0.6965824984605767,0.696725480460022,0.6940871498955243,0.6897136272218377,0.647217179904181,0.6983621116571328,0.6903665701848332,0.4637044751727272,0.7019905289329458,0.652816493470656,0.6217868094154937,0.6957155458721279,0.5708281290320864,0.46758528852080017,0.6983462319130137,0.6861578865788424,0.45797653867882704,0.5638268509107367,0.6835047095330585,0.6966855735295397,0.7431485877611081,0.44565975285373083,1.0,0.8400620580170475,0.5007483697205357,0.6587414242506264,0.4955240515460313,0.6986609246955009,0.6787322941966973,0.6895059139459387,0.7011104333907116,0.5766744104955236,0.6936717184092045,0.6930469026020852,0.6734535744825453,0.5849338447002306,0.4410996329678136,0.5282282494451775,0.6199122085747655,0.6645588470611277,0.44324883047386854,0.6816852427486888,0.44267859289649814,0.49888916509239734,0.693789405655513,0.4448451151385505,0.42824888812133904,0.676107151389033,0.678743259753284,0.6721901808045014,0.4461965244500021,0.6922288174457842,0.4194322767864443,0.4352775008216688,0.45572908369304643,0.39732532671423415
lau,0.7137657265915084,0.5120223692952457,0.7636262300675594,0.7013468635731168,0.6933165356644388,0.5065966315893794,0.6773562096800114,0.6897332291816332,0.6926354749658071,0.695248843991945,0.6885818505204891,0.6834077322428731,0.6689256647451765,0.6936212387740384,0.6856111366707293,0.508812462368661,0.6939357039035332,0.6719279421356246,0.6470523373619826,0.6907300792066341,0.6090114470725898,0.5101172595658187,0.6939402492589233,0.6812288761034885,0.4977382727696642,0.5896367675806741,0.6784956314107228,0.6927128513415322,0.7934797517191906,0.48693388369716073,0.8400620580170475,0.9999999999999998,0.5434009706865474,0.666644304854302,0.5361770787463886,0.6943826384640257,0.6917381005020743,0.6956072462828649,0.6955280328004804,0.6117152040419258,0.6895525034899,0.6872997679662394,0.6824641915031606,0.6187318240319274,0.48625449786654307,0.5707603504018669,0.646247867859463,0.6592871184187834,0.4865149619029276,0.6786560713320412,0.49038843006762023,0.5416936620021291,0.6891587588777648,0.48773725623674885,0.4716263603344204,0.6707449702216894,0.6830651650034257,0.6678816162946042,0.4891139565396597,0.6877975294279397,0.41881541072295986,0.4875560144715866,0.45303330804383046,0.4427346127827479
