,mel,afi,d4r,bea,cas,nsc,d6r,mfi,bik,mtt,ddr,mwf,sod,fer,pcr,bog,mor,cha,lta,imf,dzc,can,non,pau,mei,sti,mtn,jbw,stf,aft,bre,lau,gis,ast,nat,ton,dsc,afs,mtw,gme,doh,rth,d8r,ats,abw,dcc,lev,rut,atn,ltl,bph,clo,lov,mso,dnc,rte,phi,d3r,afy,vsv,los,aww,eab,ave
mel,0.9999999999999999,0.9954384829647858,0.9930533192808157,0.9941745577908814,0.9993117291533056,0.99522909024367,0.9961476331144988,0.9983558720474305,0.9933801777432478,0.995426214925495,0.9948157318011484,0.9802816550231781,0.987048371919091,0.9975648924578918,0.9953710665069075,0.9950805590713249,0.9993009005525882,0.9960234877088174,0.9742442499684646,0.9936133896141764,0.9938530133019478,0.9993942707834873,0.9959015232094827,0.99222918570577,0.9974441909280892,0.997817407089338,0.9648825947103781,0.993441657478564,0.9995657982643763,0.994808867769652,0.9969052438756166,0.9944340766076112,0.992073781190772,0.9148703701834301,0.9921373586463065,0.9954810064446714,0.9962368143386366,0.9941077033778812,0.9951421015722776,0.9973856151947934,0.9855738409098599,0.9923168447910596,0.9907020724743072,0.9938176576742723,0.967242643736117,0.9966339890663642,0.994715844164697,0.9091823389736231,0.9926789378559656,0.9850700530227492,0.9895858693618161,0.8872165907794944,0.996105851679188,0.9958845261930668,0.9305619518786455,0.9429313658482451,0.9943604918796707,0.8857698665149049,0.9854725954561886,0.9924093352574853,0.9142847273334141,0.9955878495830133,0.994414189304846,0.964623909442153
afi,0.9954384829647858,0.9999999999999999,0.9903548322860946,0.992726307113527,0.9972502518549496,0.999945189393671,0.9880100651674946,0.9926455778700813,0.997494203949793,0.9973805242429594,0.9888289036619533,0.9670370832929981,0.9806574624608948,0.9978381066412149,0.9940726365661842,0.9998554967255959,0.9963090022574921,0.98502677237638,0.9615960571384221,0.9953146476071802,0.9986810040510816,0.9973408201086738,0.9990111885200263,0.9810960475578676,0.9951099651123833,0.9966248588277073,0.9641454461604456,0.9976973457420404,0.9977035624954773,0.9833239414293019,0.9944392771816262,0.9950543149114526,0.9821622403999662,0.9193255116981669,0.9836204192829532,0.9987787946477736,0.997905884064658,0.995925652888823,0.9954359673568741,0.9962997943884964,0.990468517233167,0.9853991343850883,0.9799660509274122,0.9975035080485656,0.9678075980823582,0.992340673939495,0.9838037179832362,0.91317128664049,0.9910504412275422,0.9891712273214278,0.9874815037363123,0.8856319758531604,0.989802624920039,0.9909714025787586,0.9418851909369754,0.9452769573284949,0.9861431667925104,0.8905566296446465,0.9818266247831777,0.9857243429722088,0.9190073389229252,0.9934600163652683,0.9832393792025503,0.9586458984797012
d4r,0.9930533192808157,0.9903548322860946,1.0000000000000002,0.9968404953607013,0.9900624785584371,0.9910679669995557,0.9953086980007896,0.9849369317056408,0.9817331179828113,0.9828531279711538,0.9816404237411668,0.977224224872962,0.9949145228188099,0.9949648710066797,0.9804342125032407,0.9918195070195817,0.9937139261804087,0.9854547406198776,0.9807276812503821,0.9794691888297546,0.9880472796484393,0.9921117572856102,0.9883132563095598,0.9840267244122335,0.9981055859798361,0.9972814371752248,0.9298385679461644,0.9822251265853362,0.9935322387276889,0.9855523703688458,0.9971462983165036,0.9957943092913851,0.9717202060342384,0.8684891103161272,0.971843446987143,0.9941593626754609,0.9964210988744665,0.9940883830004026,0.9956703023645682,0.997979447425079,0.9669281331553112,0.9827047086061677,0.9869570385705855,0.9889964576835288,0.9352596624527983,0.9811169333161622,0.9797613798870457,0.8597582715682885,0.9833627030699861,0.9943032189653818,0.9996141852717524,0.9336499751515661,0.9842782813062426,0.9797260549839204,0.9643951080806594,0.901653560493795,0.9774474957840862,0.9326414435058327,0.9984369960363788,0.9742814172338915,0.866882567480976,0.9990736791111211,0.979877061591821,0.9463997102420468
bea,0.9941745577908814,0.992726307113527,0.9968404953607013,1.0,0.9929923430905203,0.9930879186698376,0.9900440406465725,0.9882689705762271,0.9876768758700731,0.987835510420872,0.9791677512471976,0.9638582331588977,0.9847930957111296,0.996615008486896,0.9865716694765518,0.9935922881233488,0.9969008660213581,0.9828758608839765,0.9645242114452498,0.9840310456693355,0.9926921215102079,0.9927869563921116,0.9929236862105822,0.9772542511132815,0.9986132778573126,0.9960109744234766,0.9409177235466057,0.9881028245247158,0.9947274511041406,0.9813112866784027,0.999526870554658,0.9989309036770901,0.9760747846422085,0.8902780008120613,0.9788312379049335,0.995823726309607,0.9951422911640697,0.9939239584476246,0.9995636509818098,0.9972889417581188,0.9755392886945671,0.9765208320375981,0.9781382250392259,0.9912618961463218,0.9485059752841848,0.9859196000235476,0.9791991213400992,0.8812321749655218,0.9810050452392404,0.9872106640797228,0.9951362806256607,0.915113046462028,0.9911321459505096,0.9862050047806711,0.9567597409482419,0.9183115054050761,0.9775131021988142,0.9180033179554097,0.9935382663737352,0.9831378958642357,0.8886083285538792,0.9956990669452194,0.9786357157167462,0.9460856964816595
cas,0.9993117291533056,0.9972502518549496,0.9900624785584371,0.9929923430905203,1.0,0.9968750492408142,0.9926245431131392,0.9986760341426554,0.9967876048756998,0.9981834638500472,0.9945374413851717,0.9746998371187165,0.9818403804742323,0.9977270049820319,0.9977940803695755,0.9965553021036124,0.9990716576786378,0.9937146831093729,0.9669185240023291,0.9966145964663075,0.9963288384029939,0.999483341050497,0.9981532176121573,0.9888749538740561,0.9959565087243566,0.9966921599289023,0.9716611429210532,0.9968054070486729,0.9995084152499599,0.9919504823019883,0.9957964038661119,0.994314540795795,0.992689458180074,0.9266699279302893,0.9934386931701082,0.9962831399561379,0.9957608588963062,0.9940825985016776,0.9949563584627971,0.9960989137194002,0.9908111973674352,0.9906473309650811,0.9864841289317529,0.9954373793042887,0.9743567545250835,0.9980528019976609,0.9935101371454449,0.9211592554264257,0.992936055781035,0.9829696290886555,0.9860659353104501,0.8767792433165501,0.9966547032031412,0.9974112875395773,0.9261867489862006,0.9523585798361378,0.9942946187505501,0.8762078261069248,0.9809205258448996,0.9941522983440416,0.9261622872711174,0.9932257581522412,0.9929650286352123,0.9657999123416987
nsc,0.99522909024367,0.999945189393671,0.9910679669995557,0.9930879186698376,0.9968750492408142,0.9999999999999999,0.9882772712644285,0.9919058120933892,0.9970629001338083,0.9968936824031354,0.9883910375563552,0.9671763158277575,0.981516908904946,0.9980845157138113,0.9934322715697291,0.9999697817863015,0.9961521601605747,0.9845432264840098,0.9624455565639286,0.9948678387359702,0.9986688690815447,0.9970337895318275,0.9987176516774348,0.9808515181384467,0.9954908839279325,0.9970184398512834,0.9617418270955064,0.9972937568572235,0.9976158978657215,0.9829385991213925,0.9946308066103275,0.9953340665729378,0.9808931185891024,0.9156552633212188,0.9823362617038351,0.9991106718627785,0.9982656035027851,0.9966102172138084,0.9956863619791423,0.9967027699487331,0.9897226447900946,0.98533792199145,0.9801881636772352,0.9978643190937269,0.9657058407761423,0.9916604011743003,0.9830015285912135,0.9093820407408041,0.9913225060497192,0.9901533956145637,0.9884468175650073,0.8889845697960064,0.9890524331732532,0.9899483852371015,0.944545517828336,0.9422276691962607,0.9851854032093275,0.8942433245223202,0.9829435731902121,0.9845310281227834,0.9153447300479374,0.9940837154909616,0.9824350522086756,0.9590504758048496
d6r,0.9961476331144988,0.9880100651674946,0.9953086980007896,0.9900440406465725,0.9926245431131392,0.9882772712644285,1.0,0.9915521045034899,0.981696637578162,0.9850163170555876,0.9927293863838759,0.991640014813909,0.99629305451845,0.9927847898215378,0.9845639815835389,0.9885236096998616,0.9936424940820501,0.9962955044295122,0.9899803693235615,0.9832600576835905,0.9843812592920982,0.9949002094910401,0.9865153685329852,0.9964668291666958,0.9952674802118617,0.9963631769602983,0.9449205033797369,0.9818676906729735,0.9950039826906909,0.9968585629272979,0.9930915941417473,0.9892030009156974,0.984108327303686,0.8818545834978364,0.981677390369024,0.9899955456986822,0.9939819241537182,0.9909766347117229,0.9893249151563548,0.995722595456545,0.9699023344193213,0.9944051377495157,0.997567877466807,0.9869956306028895,0.9458809720420043,0.9877506290065451,0.992275390693827,0.8759273780193763,0.9902584907463629,0.9887935611007422,0.993459087168288,0.9107328138605092,0.9870221064547053,0.9856133759545577,0.9385551748726871,0.9160023544291835,0.9900449402698057,0.9049228166465858,0.9909207213441547,0.9803626823851943,0.8810733957014408,0.9970659671110128,0.9926807583901811,0.9602092491111309
mfi,0.9983558720474305,0.9926455778700813,0.9849369317056408,0.9882689705762271,0.9986760341426554,0.9919058120933892,0.9915521045034899,1.0,0.9933679781305497,0.9959158937164515,0.9954270867691367,0.9767280263760253,0.9784749899606359,0.9933248661764174,0.9969793458941228,0.9913465494472246,0.9971260780455139,0.9961779709567561,0.9660784570201992,0.9944142661701066,0.9910440915107538,0.9979595407786203,0.994339661878256,0.9911610808161113,0.9921386467362693,0.9927508951475255,0.9767171753255273,0.9932326510535417,0.9972983045744888,0.994316915662773,0.9920860065645362,0.9888346860296386,0.9970113650542042,0.9330668813923706,0.9971176809549717,0.9906021894802108,0.9910085568561754,0.9880087508252466,0.9900676450611752,0.9920228946789375,0.9883993253444107,0.9910190690960228,0.9871473447159059,0.9899199596300824,0.9772371916384109,0.9986348329792895,0.9968927807444489,0.9287794521390266,0.9904611422364996,0.9756353737831395,0.9799496264924739,0.8605279181641041,0.9971427160046737,0.9989305064136077,0.9099503430599993,0.9582455168459069,0.99747656778316,0.8593305632051339,0.9746800726342079,0.9964503366306257,0.9329265431536865,0.9887953199640044,0.9964799353971554,0.964739161090966
bik,0.9933801777432478,0.997494203949793,0.9817331179828113,0.9876768758700731,0.9967876048756998,0.9970629001338083,0.981696637578162,0.9933679781305497,0.9999999999999999,0.9996100848853303,0.9892970452936661,0.9586934203071585,0.9685471963669005,0.9954437369615987,0.9981884976074692,0.9965191095961433,0.9943289364202806,0.9834261136269198,0.9492102328548173,0.9989687834468322,0.9987185483644012,0.9950716647458826,0.999059126635076,0.9766920331913483,0.9898571367346536,0.991534918720965,0.9769412191814739,0.999992373503681,0.9953800380078959,0.9807292757691511,0.9902191354795852,0.9916785718737066,0.9869621653196713,0.9402204090704378,0.98919549716281,0.9956520035792364,0.9918022489811233,0.9928079564244443,0.9916584788939863,0.9904437512847897,0.9975208868881278,0.9832571501692562,0.9738494444035705,0.9969268078320411,0.9818765950932032,0.995865783262123,0.9849787208340348,0.9343760612265154,0.9910465696781559,0.9769315545865318,0.9772588836133735,0.8613327677237924,0.99241365904124,0.9942996644471778,0.9199332712567593,0.9617371426751221,0.987742342796473,0.8609019307274844,0.9701549289859266,0.9912989742447751,0.9395533035654853,0.9858616996840314,0.9838194438924999,0.9677279707372191
mtt,0.995426214925495,0.9973805242429594,0.9828531279711538,0.987835510420872,0.9981834638500472,0.9968936824031354,0.9850163170555876,0.9959158937164515,0.9996100848853303,1.0,0.9925478563884389,0.9647445874248772,0.9718332359530345,0.9957948730463201,0.9990775039997732,0.9963071789178499,0.9955802654167449,0.9876552385387943,0.9546583753237832,0.999418726947295,0.9978434316691026,0.9967414070585188,0.9987979022223232,0.9816569600125044,0.9909393727856658,0.9927697453034312,0.9786748473886934,0.9995525611423005,0.9968038620186399,0.9852192981819077,0.9908871783525928,0.9912121062287783,0.9904820373340133,0.9397919125961217,0.9919786245656437,0.9953491212911704,0.9925663602054051,0.9928165412403156,0.9914873100503725,0.9915717263435454,0.9969398182009952,0.9871034102349171,0.978585146137302,0.9965981693614526,0.982257240704037,0.9977411939168602,0.9891025362524738,0.9346101259816904,0.9930096078970977,0.9776327523653815,0.9782311507846537,0.8601603998416796,0.9938897285273072,0.996198003107391,0.917143226637128,0.9624875943554682,0.9915279960550498,0.8597005957770165,0.9712786716346191,0.993099589188838,0.9394056951256994,0.9873481840527224,0.9881210155371066,0.9699921817686052
ddr,0.9948157318011484,0.9888289036619533,0.9816404237411668,0.9791677512471976,0.9945374413851717,0.9883910375563552,0.9927293863838759,0.9954270867691367,0.9892970452936661,0.9925478563884389,1.0000000000000004,0.9869645870336912,0.9815112929264821,0.9901341142264528,0.9930871444735477,0.98775820338926,0.9908058971476713,0.9971838763556029,0.9768436036382321,0.9934309095725458,0.9866805168023078,0.9952387028216828,0.9892580917190797,0.995804058991181,0.9869927259909835,0.9909219826180042,0.9731798267417312,0.9890773333151279,0.994114930554933,0.9967442804971578,0.9847540256716985,0.9819488280310864,0.9939436394261986,0.9214375179454452,0.9911249939437305,0.987305183661728,0.9885789203783102,0.9878188545443365,0.9816018049085024,0.9884009466800444,0.9854417702110586,0.9986770401684432,0.9936585420094907,0.9890220327621893,0.9722888508730424,0.9954922954699315,0.9976209569972913,0.9180133898967384,0.9964437796349539,0.9763329407224685,0.9772678474407795,0.8649338220396408,0.98880108064979,0.9921868747716529,0.9033332573616542,0.95009274614926,0.9981984884169466,0.8544130350965915,0.970725880592163,0.9879267272161303,0.9212616287706913,0.9873074774004859,0.9974968660812873,0.9776885178149456
mwf,0.9802816550231781,0.9670370832929981,0.977224224872962,0.9638582331588977,0.9746998371187165,0.9671763158277575,0.991640014813909,0.9767280263760253,0.9586934203071585,0.9647445874248772,0.9869645870336912,1.0,0.9904871906845352,0.9716769144110606,0.964376927724333,0.967243994300273,0.9731075069294823,0.990513664835822,0.9965860359043872,0.9643915885400706,0.9594588777903652,0.9796838596613516,0.963527122124355,0.9964201761580166,0.9748956230245125,0.9793993323444934,0.9309336575846118,0.958668180101617,0.9777800330439572,0.9931382612717621,0.9699721760460459,0.9631839532764785,0.9729337033183889,0.857700756631726,0.9657211886570851,0.9675164500594478,0.9763170136196188,0.9704329325603737,0.9628459759216647,0.9772284443339568,0.9465458704314854,0.9926792176180989,0.9976005759594562,0.9651663724181522,0.9252477114461005,0.9709040062016591,0.9858987628599338,0.8546320749707578,0.9800566409101438,0.9749556238543535,0.9754605058928577,0.8933214040957249,0.9650654083300345,0.9671206655299828,0.9088827133167847,0.8969026174023856,0.983545368786063,0.880659090319735,0.9721809295314893,0.9594004413249997,0.8577567038813444,0.9813722304628121,0.9873406534171337,0.9516209618926001
sod,0.987048371919091,0.9806574624608948,0.9949145228188099,0.9847930957111296,0.9818403804742323,0.981516908904946,0.99629305451845,0.9784749899606359,0.9685471963669005,0.9718332359530345,0.9815112929264821,0.9904871906845352,0.9999999999999997,0.9854017843572265,0.9687901586737115,0.982330296493087,0.9844150795771842,0.9862052234240279,0.9943979678215719,0.9689177444866127,0.9745345863633388,0.9863204521532535,0.9759664694673115,0.9900170997757893,0.9904520283069986,0.9918910876403463,0.9179413708292826,0.9689867294171246,0.9866919762207178,0.9880976545412833,0.9868073998297835,0.9827499703442797,0.9658876086421134,0.8449529647235853,0.9624248971109925,0.9838438301002613,0.9907732242639701,0.9854910739108989,0.9828361663223759,0.9918540042729064,0.9517639574618227,0.9866845226516556,0.9938794341451584,0.9784497928028804,0.9181579903781225,0.9722071964983972,0.9788392632759813,0.8384086959801864,0.9810582596597885,0.9936683099304111,0.9952794637428977,0.933704555567754,0.9717385740743334,0.9693746471310563,0.9566701448034838,0.8842723605881448,0.9761821015443397,0.9323873049518718,0.9942180522904094,0.9612356898452908,0.8443952413283371,0.9955458563453881,0.9798731976643189,0.9422783784624575
fer,0.9975648924578918,0.9978381066412149,0.9949648710066797,0.996615008486896,0.9977270049820319,0.9980845157138113,0.9927847898215378,0.9933248661764174,0.9954437369615987,0.9957948730463201,0.9901341142264528,0.9716769144110606,0.9854017843572265,1.0,0.994297665871703,0.9981713153313907,0.9983841953025105,0.9887563421070666,0.9688378497782838,0.9942637990038868,0.9980242478150525,0.9975025722545311,0.9978893396887811,0.9843826092229291,0.9984433373998329,0.9988752709558972,0.9571339933453655,0.9956717321466105,0.9988015155607844,0.9873876399896183,0.9980088395810722,0.9982005883551148,0.9838071676112831,0.9071929680061358,0.9850894576173592,0.9994628031200133,0.9980416899270649,0.9988073828552476,0.9980536424622857,0.9984811432307527,0.9873937490612172,0.9877282195173389,0.984827756240257,0.9982983574566004,0.9631221299292998,0.9934562310494465,0.9868129249163254,0.8998395313548839,0.9929191111654019,0.9888357462894091,0.9925267052107805,0.9013886361530461,0.9929525977188843,0.9912523473760512,0.9451751995927983,0.9348842955850453,0.9866985778716403,0.899882144117555,0.9883485681003679,0.9873893649573164,0.9060211635232608,0.996719235664997,0.9861341386090918,0.9657374896218723
pcr,0.9953710665069075,0.9940726365661842,0.9804342125032407,0.9865716694765518,0.9977940803695755,0.9934322715697291,0.9845639815835389,0.9969793458941228,0.9981884976074692,0.9990775039997732,0.9930871444735477,0.964376927724333,0.9687901586737115,0.994297665871703,0.9999999999999998,0.9927062345685504,0.9953076906268283,0.9894614757283225,0.9531173337756909,0.9989720126854532,0.9956164312625395,0.9956026356393041,0.9970354078781605,0.9822096828818779,0.9894593001033285,0.9906441963963555,0.9814040013166548,0.9980297107329699,0.995737217963612,0.9867779599220674,0.9900229364883203,0.9897418641099153,0.9941718071099384,0.9438137137545968,0.9957205592718521,0.9925639538676052,0.9890427987818757,0.9905325754543041,0.989950815602832,0.9892623369179628,0.9966271365185029,0.9869246677362895,0.9785429438689656,0.9944027129889724,0.9855366767064531,0.9993451190595386,0.9917615615520351,0.9385886836833696,0.9921163868586773,0.9710738607954278,0.9751247683146032,0.8535361059069159,0.9964482684675371,0.9980574227632226,0.9063859375036292,0.9654854383824338,0.9932242810093106,0.8488727706501493,0.9684098325665467,0.9965618176909298,0.9430686231766597,0.9847555009907557,0.9906143657797731,0.9736943613153063
bog,0.9950805590713249,0.9998554967255959,0.9918195070195817,0.9935922881233488,0.9965553021036124,0.9999697817863015,0.9885236096998616,0.9913465494472246,0.9965191095961433,0.9963071789178499,0.98775820338926,0.967243994300273,0.982330296493087,0.9981713153313907,0.9927062345685504,1.0,0.9961032822287275,0.9841571256436938,0.9631307433783672,0.9941502934371066,0.9985076116984821,0.9968338861443568,0.9984589023909144,0.980610669538727,0.9958514902311859,0.9972641589485771,0.9596492326433314,0.9967785820353501,0.9975072439168167,0.9826309694803603,0.9949635877767518,0.9956912100993959,0.9798635913413879,0.9127833285045011,0.981324235538203,0.9992644234064206,0.9985505373100868,0.996834217906185,0.996027847374359,0.9970435011692904,0.9886894644337025,0.9849347339596689,0.9802236634873708,0.9977626501922753,0.9637880305628371,0.9909217705178083,0.9823142046269802,0.9063285490416734,0.9909159979083969,0.9910101899792277,0.9893962852946928,0.8921714855495305,0.9885954710837564,0.9891987507521458,0.9470385139318176,0.9397269218155628,0.9843564990997313,0.89765598611421,0.984110670790487,0.9836604573618337,0.9124258657475449,0.9946034009649548,0.9817771842582094,0.9579769910305551
mor,0.9993009005525882,0.9963090022574921,0.9937139261804087,0.9969008660213581,0.9990716576786378,0.9961521601605747,0.9936424940820501,0.9971260780455139,0.9943289364202806,0.9955802654167449,0.9908058971476713,0.9731075069294823,0.9844150795771842,0.9983841953025105,0.9953076906268283,0.9961032822287275,0.9999999999999998,0.9923323969571919,0.9679919276053721,0.9931421742046515,0.9956019954201085,0.998566899743063,0.997146269661783,0.9871019948026486,0.9983736575626295,0.9976725585693993,0.9624898248622837,0.9944698945342214,0.9992685848595764,0.9906088976719469,0.9986291730776288,0.9969392684622754,0.9894243707715058,0.9152065284760748,0.9908348968356501,0.9967922880064317,0.9964524013259732,0.9947151262088882,0.9978063800872922,0.9978075926552359,0.9861331987469227,0.987318678008448,0.9856467734482799,0.9945540297172132,0.9666305518692347,0.9956320450428647,0.9909420078091911,0.9086218138388684,0.989815509705086,0.9848217786010955,0.9903771686675509,0.8898363116250615,0.9968703159606029,0.9955458225979479,0.9362606056366806,0.9419149690345362,0.9905945752264278,0.8908073573719226,0.9866737609504638,0.9926139602226715,0.9143692212133269,0.9953507549099836,0.9904097763513205,0.9601540919263318
cha,0.9960234877088174,0.98502677237638,0.9854547406198776,0.9828758608839765,0.9937146831093729,0.9845432264840098,0.9962955044295122,0.9961779709567561,0.9834261136269198,0.9876552385387943,0.9971838763556029,0.990513664835822,0.9862052234240279,0.9887563421070666,0.9894614757283225,0.9841571256436938,0.9923323969571919,0.9999999999999998,0.9821977169358055,0.9869375460057607,0.9819545655916644,0.994778192143478,0.9858285316546364,0.9983659325324326,0.9893005921453897,0.990955172373263,0.9645648091509997,0.9832736786280631,0.9936850647074931,0.9997765479859757,0.9878499781040451,0.982919285803425,0.9946593155375508,0.909742414958985,0.9919062423489928,0.9845480823016205,0.9876476935382975,0.9845389371017637,0.983320403865673,0.9895223456319407,0.9761891012754021,0.9963065862015825,0.9961264745215626,0.9835083493436646,0.9633155551828485,0.993464575231472,0.9991332079465267,0.9056233332531589,0.9904594552022562,0.9757808357187948,0.9813116312769202,0.8753197305355737,0.9911642535685038,0.9923131489693893,0.9073866253435904,0.9398220143772483,0.997748602443056,0.8656026027690995,0.9770622680266611,0.9889230014068653,0.9092514795773201,0.9891106536898643,0.9993342978817962,0.9667912183745778
lta,0.9742442499684646,0.9615960571384221,0.9807276812503821,0.9645242114452498,0.9669185240023291,0.9624455565639286,0.9899803693235615,0.9660784570201992,0.9492102328548173,0.9546583753237832,0.9768436036382321,0.9965860359043872,0.9943979678215719,0.9688378497782838,0.9531173337756909,0.9631307433783672,0.9679919276053721,0.9821977169358055,1.0,0.9535820296035094,0.9540997017615402,0.9729876232829283,0.9566740978071063,0.98950167182635,0.9741840269490872,0.9777721046644897,0.9048119262957878,0.9494703573212174,0.9722489818301027,0.9857128554415953,0.968946481554794,0.962976826265357,0.9578982491998554,0.8231298971054227,0.9507604525017477,0.9652638800647986,0.9746679630823145,0.9697326604832881,0.9619533407191045,0.9762432309627516,0.9325879006098666,0.9851126409646972,0.9940798427000616,0.9609910035649273,0.901880507202222,0.9593245483429067,0.9746281813623247,0.8178619588502364,0.9731520311075752,0.9790236730829177,0.9810989607190569,0.9250581986205819,0.9560186832376714,0.9546349913397785,0.9300319547967898,0.8660201734953269,0.9705112365953644,0.9114406823217609,0.9799490157559069,0.9459480964012703,0.822377509889585,0.9824580120607826,0.9762566200397547,0.9409743978646016
imf,0.9936133896141764,0.9953146476071802,0.9794691888297546,0.9840310456693355,0.9966145964663075,0.9948678387359702,0.9832600576835905,0.9944142661701066,0.9989687834468322,0.999418726947295,0.9934309095725458,0.9643915885400706,0.9689177444866127,0.9942637990038868,0.9989720126854532,0.9941502934371066,0.9931421742046515,0.9869375460057607,0.9535820296035094,1.0000000000000002,0.996586261655474,0.9948926352108954,0.9971329869542983,0.9810296966053299,0.9880814932328668,0.9907710816854031,0.9801665753240969,0.9988366304256674,0.9950471780950899,0.9845729309358935,0.9876687285244887,0.9884072916405221,0.9903736238028436,0.9409651970457429,0.991416325216143,0.9935496471767521,0.9899659910380939,0.9921613513961502,0.988171638094727,0.9888622581288745,0.9979656265739614,0.9881482949731989,0.9782123603486218,0.9963816572251426,0.984089817027606,0.9976377744027729,0.9890317331034769,0.9360906833809668,0.9946978230361435,0.9740694170853034,0.9746371779429536,0.8551021043340171,0.9921120434494387,0.9948128346467773,0.9096703393615947,0.9635796532593234,0.9914342200249668,0.8509107625880408,0.9670083822490806,0.9919676544886705,0.9405043463779236,0.9847314438548189,0.9879031195445795,0.9769425943320229
dzc,0.9938530133019478,0.9986810040510816,0.9880472796484393,0.9926921215102079,0.9963288384029939,0.9986688690815447,0.9843812592920982,0.9910440915107538,0.9987185483644012,0.9978434316691026,0.9866805168023078,0.9594588777903652,0.9745345863633388,0.9980242478150525,0.9956164312625395,0.9985076116984821,0.9956019954201085,0.9819545655916644,0.9540997017615402,0.996586261655474,0.9999999999999999,0.9951822379930916,0.9994140216625536,0.9758159051266175,0.993757512360143,0.994707233295065,0.9651761415051363,0.9988958481844014,0.996242731283476,0.979684187835719,0.9940595714220152,0.9960961496874716,0.9816855149870374,0.9238185455147644,0.9842086200913925,0.9987046025394055,0.9951020071491954,0.996542745094114,0.9957538475337235,0.9941270925609691,0.9934383043000438,0.9819557964109866,0.9749344596230721,0.9986619195553559,0.9719477255375661,0.9929372764259181,0.9817223896285323,0.9165269260671366,0.9904703209815046,0.9835567701846251,0.9848423445801051,0.8839524746637735,0.9912786833254541,0.9910208494783348,0.9374981130625402,0.9473863361291649,0.983511827284275,0.8837966510543847,0.9790422841654653,0.9874640089971924,0.9226656310750393,0.9906186390414378,0.9806452792252658,0.9641535045687765
can,0.9993942707834873,0.9973408201086738,0.9921117572856102,0.9927869563921116,0.999483341050497,0.9970337895318275,0.9949002094910401,0.9979595407786203,0.9950716647458826,0.9967414070585188,0.9952387028216828,0.9796838596613516,0.9863204521532535,0.9975025722545311,0.9956026356393041,0.9968338861443568,0.998566899743063,0.994778192143478,0.9729876232829283,0.9948926352108954,0.9951822379930916,1.0000000000000002,0.9972560441445412,0.991500138614856,0.9964278836011757,0.9976636580241264,0.9679718071008233,0.9951359990933502,0.9996148373022418,0.9936104866359278,0.9957651284114826,0.9939903398217874,0.9911596184308756,0.9197464458398247,0.9910410976522024,0.9962726231844566,0.9971426558193439,0.994104916083089,0.9944351771178689,0.9970750263726739,0.9875827224417989,0.9925485980694337,0.9896130659947584,0.9945665925456636,0.9695608634451862,0.996256393428049,0.9937012704159087,0.9142426648890429,0.9930330440283763,0.9869224448511498,0.9886253269991935,0.8846716901176485,0.9945953488083084,0.9955780381350523,0.9311757958108866,0.9470451849053744,0.9944694884505522,0.883562276472653,0.9837211507896333,0.9912452725424096,0.9192480561660803,0.9951246982250164,0.9934856857656825,0.9627567720630954
non,0.9959015232094827,0.9990111885200263,0.9883132563095598,0.9929236862105822,0.9981532176121573,0.9987176516774348,0.9865153685329852,0.994339661878256,0.999059126635076,0.9987979022223232,0.9892580917190797,0.963527122124355,0.9759664694673115,0.9978893396887811,0.9970354078781605,0.9984589023909144,0.997146269661783,0.9858285316546364,0.9566740978071063,0.9971329869542983,0.9994140216625536,0.9972560441445412,0.9999999999999999,0.9797606828489397,0.9942714559257798,0.9950702255219444,0.9702453744007176,0.9991735631353661,0.9975805226805825,0.983577722458042,0.994838176658519,0.9958529465683861,0.9862958273808423,0.9300092594028465,0.9884001060931927,0.9980405999890328,0.9954281402164558,0.994993109160772,0.9958064036187659,0.9946023699731958,0.9936201627414715,0.9841718270958504,0.977724197168101,0.9972987151872313,0.9753479308788604,0.9951226756541609,0.9859250071777982,0.9232386198372711,0.9902627788693014,0.9830905849026774,0.9845980543789415,0.878842012267229,0.9939759710170959,0.9943764245574034,0.9325517769063598,0.9531396532945314,0.9877807711695893,0.8783737969614928,0.9788321832650767,0.9909802973998723,0.9289703933185486,0.9909741471372018,0.9850534672854974,0.9619444375545702
pau,0.99222918570577,0.9810960475578676,0.9840267244122335,0.9772542511132815,0.9888749538740561,0.9808515181384467,0.9964668291666958,0.9911610808161113,0.9766920331913483,0.9816569600125044,0.995804058991181,0.9964201761580166,0.9900170997757893,0.9843826092229291,0.9822096828818779,0.980610669538727,0.9871019948026486,0.9983659325324326,0.98950167182635,0.9810296966053299,0.9758159051266175,0.991500138614856,0.9797606828489397,1.0,0.9858823906235501,0.9889448830799343,0.9548166846014897,0.9765844072876603,0.9900636785880129,0.9992091141500677,0.9827242298253835,0.976921674192635,0.9883366287343096,0.8927796705283237,0.9838210157485325,0.9804712661571217,0.9860948725543718,0.9814116934472078,0.9773602264761825,0.9872242820052167,0.9677659003289352,0.997548179963938,0.9989216317280695,0.97911218249466,0.9511785945891094,0.9871504050116904,0.9960509700638939,0.8895750258415052,0.9893382761975349,0.978548065690725,0.9807833892744765,0.8809811260706828,0.9826259371631946,0.9848534246033285,0.9101863468128848,0.9267483643247896,0.9947805594884943,0.8728982314774909,0.9766065266924512,0.9793268501535427,0.8929126604924233,0.9884016365228613,0.9967580310043435,0.9630386227068182
mei,0.9974441909280892,0.9951099651123833,0.9981055859798361,0.9986132778573126,0.9959565087243566,0.9954908839279325,0.9952674802118617,0.9921386467362693,0.9898571367346536,0.9909393727856658,0.9869927259909835,0.9748956230245125,0.9904520283069986,0.9984433373998329,0.9894593001033285,0.9958514902311859,0.9983736575626295,0.9893005921453897,0.9741840269490872,0.9880814932328668,0.993757512360143,0.9964278836011757,0.9942714559257798,0.9858823906235501,0.9999999999999999,0.9991785947297458,0.946639710282204,0.990186999694919,0.997912347360682,0.9883401179046697,0.9993654228648822,0.9978382388689925,0.9810427160825358,0.891899032385522,0.9821253168734243,0.9974090962419974,0.9981664206646127,0.9965924403110543,0.9985593704606284,0.9996539433037924,0.9786226569326535,0.9858245249214611,0.986846641406221,0.9941335915948287,0.9516910073916305,0.9898023467793731,0.98567466688844,0.884477023665914,0.9885997376762667,0.9911906853756864,0.9963323291703836,0.9116163729859629,0.9915401472911767,0.9886532806448509,0.9530892628339931,0.9222814821670305,0.9844531475172101,0.9145248673625216,0.9938461733730162,0.9843828516196683,0.8910041022043708,0.9987493691746523,0.9853613340801156,0.9559470568771425
sti,0.997817407089338,0.9966248588277073,0.9972814371752248,0.9960109744234766,0.9966921599289023,0.9970184398512834,0.9963631769602983,0.9927508951475255,0.991534918720965,0.9927697453034312,0.9909219826180042,0.9793993323444934,0.9918910876403463,0.9988752709558972,0.9906441963963555,0.9972641589485771,0.9976725585693993,0.990955172373263,0.9777721046644897,0.9907710816854031,0.994707233295065,0.9976636580241264,0.9950702255219444,0.9889448830799343,0.9991785947297458,1.0,0.9505932271782485,0.9918097278065028,0.9987292872976382,0.9903675845321326,0.9975987853157361,0.9963370562785594,0.982127710592016,0.8944883721533915,0.9821821833024138,0.9981976069620713,0.9993264900263156,0.9979629365451171,0.9966777933141349,0.9997541628151376,0.9813636289349669,0.9905099186313097,0.9900485577676079,0.9960549900361712,0.954387552838721,0.9910098559037288,0.9875973867773966,0.887892017080101,0.9929952226095163,0.9932805720043377,0.9955062996134875,0.9085944460866052,0.9899092322105618,0.9886379719994962,0.9504048961818656,0.9256318992139133,0.9871723758929705,0.910136393549741,0.991961322772932,0.9833487172134798,0.893914083950374,0.9992094322299119,0.9873887104894205,0.9620481758998074
mtn,0.9648825947103781,0.9641454461604456,0.9298385679461644,0.9409177235466057,0.9716611429210532,0.9617418270955064,0.9449205033797369,0.9767171753255273,0.9769412191814739,0.9786748473886934,0.9731798267417312,0.9309336575846118,0.9179413708292826,0.9571339933453655,0.9814040013166548,0.9596492326433314,0.9624898248622837,0.9645648091509997,0.9048119262957878,0.9801665753240969,0.9651761415051363,0.9679718071008233,0.9702453744007176,0.9548166846014897,0.946639710282204,0.9505932271782485,1.0000000000000002,0.9761572340856288,0.964425299521551,0.9602843056517956,0.9484776646267252,0.9475588997914336,0.9841817816295795,0.985343923437574,0.9849982314463778,0.954765437707192,0.9499652075952544,0.9483733585555282,0.9481192850936974,0.9475740651434539,0.985183163404644,0.9612432584691053,0.943349860120886,0.9600629246293466,0.9975441638495288,0.9808866669698943,0.9736658333255298,0.984509313370818,0.9634205103977851,0.9211245632497828,0.9199590694409971,0.7491956746221405,0.9726340897927583,0.9822898841064465,0.8197668492879849,0.9961527266318072,0.9796675690281088,0.7405248128825377,0.9082208126189684,0.9825537605327967,0.9856479009579281,0.938951636843644,0.9723344527145577,0.9514948574432162
jbw,0.993441657478564,0.9976973457420404,0.9822251265853362,0.9881028245247158,0.9968054070486729,0.9972937568572235,0.9818676906729735,0.9932326510535417,0.999992373503681,0.9995525611423005,0.9890773333151279,0.958668180101617,0.9689867294171246,0.9956717321466105,0.9980297107329699,0.9967785820353501,0.9944698945342214,0.9832736786280631,0.9494703573212174,0.9988366304256674,0.9988958481844014,0.9951359990933502,0.9991735631353661,0.9765844072876603,0.990186999694919,0.9918097278065028,0.9761572340856288,0.9999999999999999,0.9954918181965865,0.980598716178738,0.9905451775058185,0.9920516719605742,0.9865506206626521,0.9391779070341707,0.9888249056909554,0.9959484528230528,0.9921329418414652,0.9931031615646971,0.9920290405267113,0.99077211979924,0.9972942422093655,0.9831143322330615,0.9738636130736472,0.9971007754494854,0.9811972010958159,0.9956600633591428,0.984691333528859,0.9332403267249191,0.9909797383866289,0.9775344374071778,0.9778449149753202,0.862889080033998,0.992336607309983,0.9940980895255718,0.9214017496294443,0.9608254731318866,0.9874239342758884,0.862691958880742,0.9708265820598923,0.9910289798191568,0.9384934823875297,0.9862470489798686,0.9835403600321778,0.9672669092069907
stf,0.9995657982643763,0.9977035624954773,0.9935322387276889,0.9947274511041406,0.9995084152499599,0.9976158978657215,0.9950039826906909,0.9972983045744888,0.9953800380078959,0.9968038620186399,0.994114930554933,0.9777800330439572,0.9866919762207178,0.9988015155607844,0.995737217963612,0.9975072439168167,0.9992685848595764,0.9936850647074931,0.9722489818301027,0.9950471780950899,0.996242731283476,0.9996148373022418,0.9975805226805825,0.9900636785880129,0.997912347360682,0.9987292872976382,0.964425299521551,0.9954918181965865,1.0000000000000002,0.9924009352910327,0.9971228119908928,0.9955807762968667,0.9895674049901455,0.9149019427041571,0.9899629707597696,0.9976220364615042,0.9979053859737538,0.9961631711102241,0.9961786202315593,0.9982673624900046,0.9877581467215282,0.9916390872431057,0.988967385002102,0.9962633013621452,0.9673054947082663,0.9961368506892609,0.9922454349841514,0.9090874645853969,0.9938023825573351,0.9877587705866866,0.9903739774901613,0.8891207913315217,0.9947263654271329,0.9948389430356633,0.9358667236913062,0.9428591764788689,0.9925900166428252,0.8897053093964474,0.985829778893809,0.9907200683558085,0.9144408697985137,0.9963103566057545,0.9918564680279397,0.9650271658475456
aft,0.994808867769652,0.9833239414293019,0.9855523703688458,0.9813112866784027,0.9919504823019883,0.9829385991213925,0.9968585629272979,0.994316915662773,0.9807292757691511,0.9852192981819077,0.9967442804971578,0.9931382612717621,0.9880976545412833,0.9873876399896183,0.9867779599220674,0.9826309694803603,0.9906088976719469,0.9997765479859757,0.9857128554415953,0.9845729309358935,0.979684187835719,0.9936104866359278,0.983577722458042,0.9992091141500677,0.9883401179046697,0.9903675845321326,0.9602843056517956,0.980598716178738,0.9924009352910327,1.0,0.9864478266731085,0.9812948270427622,0.9925249241709037,0.9025726241517669,0.9890975937510804,0.9831288498447304,0.9870096160126732,0.9836156951347341,0.9814856561021458,0.988816694235785,0.972670011895203,0.9968600400098548,0.9975477339151635,0.9818406023200452,0.9585497743971478,0.9911616934630857,0.9983285119017825,0.8984609664012795,0.9899333143813723,0.9766987022055713,0.9817819180628427,0.880149476746739,0.9885239629506386,0.9896240329258836,0.908838781626734,0.9340042467160232,0.9966785583227482,0.8692232906573771,0.9777432169653244,0.9856693206838106,0.902051374120634,0.98915036462129,0.9987119191768554,0.965679708304311
bre,0.9969052438756166,0.9944392771816262,0.9971462983165036,0.999526870554658,0.9957964038661119,0.9946308066103275,0.9930915941417473,0.9920860065645362,0.9902191354795852,0.9908871783525928,0.9847540256716985,0.9699721760460459,0.9868073998297835,0.9980088395810722,0.9900229364883203,0.9949635877767518,0.9986291730776288,0.9878499781040451,0.968946481554794,0.9876687285244887,0.9940595714220152,0.9957651284114826,0.994838176658519,0.9827242298253835,0.9993654228648822,0.9975987853157361,0.9484776646267252,0.9905451775058185,0.9971228119908928,0.9864478266731085,1.0000000000000002,0.9990002989727059,0.9817065996484533,0.897930136252523,0.9836236370142926,0.9967999274450319,0.9964655665335179,0.9950701249356039,0.9994383750650068,0.998359634248089,0.979151855932012,0.9821664566984282,0.9829906815184849,0.9929244342819582,0.9547608954537466,0.9899056157314605,0.9848259031655722,0.8895972114334972,0.9852253348066548,0.9877085060217105,0.994966581477875,0.9100280869914915,0.9937530680615675,0.9899512073216624,0.9505427672436391,0.9258709640832546,0.983389048675762,0.9101675579252045,0.9927147451854835,0.9868365754438937,0.8963647510256635,0.9968429523207933,0.984353939078774,0.9522270939803766
lau,0.9944340766076112,0.9950543149114526,0.9957943092913851,0.9989309036770901,0.994314540795795,0.9953340665729378,0.9892030009156974,0.9888346860296386,0.9916785718737066,0.9912121062287783,0.9819488280310864,0.9631839532764785,0.9827499703442797,0.9982005883551148,0.9897418641099153,0.9956912100993959,0.9969392684622754,0.982919285803425,0.962976826265357,0.9884072916405221,0.9960961496874716,0.9939903398217874,0.9958529465683861,0.976921674192635,0.9978382388689925,0.9963370562785594,0.9475588997914336,0.9920516719605742,0.9955807762968667,0.9812948270427622,0.9990002989727059,1.0,0.9777118168782076,0.8997629303821223,0.9803235115003017,0.9978562530453516,0.995673709416363,0.9961362345017339,0.9995126670448689,0.9968931738076792,0.9813450942172908,0.9786858219371679,0.9777232650289036,0.9944919094025705,0.9560027356239837,0.9881614833206395,0.9802568772112351,0.8903324117299178,0.9843474075075807,0.9869768157236939,0.9938031017570166,0.913181905893616,0.9920015454866572,0.9876604755100401,0.9532393356577132,0.9259112030660562,0.979248983914038,0.9100473201245082,0.9910501836983431,0.9847076501533679,0.8975325451840631,0.9951034021257306,0.9795138162763014,0.9527770639669885
